1: ([37.732497, -122.141964], [37.479452, -122.341305])
2: ([37.665103, -122.113445], [37.559093, -122.265241])
3: ([37.562325, -122.100466], [37.764020, -122.256696])
4: ([37.722313, -122.334206], [37.417926, -122.318024])
5: ([37.536711, -122.243400], [37.671262, -122.133687])
6: ([37.665984, -122.278122], [37.488868, -122.188482])
7: ([37.666970, -122.358931], [37.667615, -122.163870])
8: ([37.651753, -122.265807], [37.599413, -122.329038])
9: ([37.607449, -122.105304], [37.540699, -122.122185])
10: ([37.491252, -122.186406], [37.783940, -122.208985])
11: ([37.566716, -122.165226], [37.782935, -122.229566])
12: ([37.733884, -122.380080], [37.777126, -122.095483])
13: ([37.668683, -122.292724], [37.523824, -122.342901])
14: ([37.568436, -122.243675], [37.560906, -122.315603])
15: ([37.489495, -122.178483], [37.506730, -122.127313])