316
24337 11354
21562 34106
19622 35103
25480 33392
2948 11851
30351 23855
29121 10936
7778 16444
24766 28101
33020 35890
32858 13175
19462 22882
4560 12125
30892 28882
5935 3277
2789 3517
20696 36511
35342 22060
20269 24087
18913 5326
15535 39375
23684 16283
18031 1782
5025 29531
36120 1101
26309 13007
32145 25596
35157 19765
36933 24972
3591 22897
26865 35293
39690 19117
15927 16697
16171 3138
3322 18550
17676 10981
22311 16411
5122 19518
6338 39878
24393 8176
33943 20478
14026 26967
19274 15867
5762 9195
1499 6707
27386 39139
11043 16825
38702 7582
38839 33248
28236 22914
18946 21855
27771 2941
39269 31350
16849 29940
23569 21250
1565 27822
38700 24431
27334 5399
8212 12802
17341 18025
14673 23040
11270 24605
29602 14734
30490 32218
21247 24838
35926 31581
23698 20912
26859 14053
38895 13583
8739 14176
35760 35028
21115 4249
36732 12992
2059 30060
23140 17201
21415 22232
28292 38977
6434 33980
29853 11991
2747 4915
5737 36799
22363 14982
18559 3195
25341 11920
11930 25015
10243 2076
25137 14430
8126 8747
27882 2876
1948 1549
35113 34760
5145 26935
791 21268
5590 31425
3422 9854
39556 9522
15704 6099
18420 22583
28093 6502
19404 1364
32511 7238
31307 37137
29979 18678
36422 16736
12994 17595
3243 37612
1655 7006
28766 8840
14480 1218
20793 27522
6918 38521
20042 23282
21195 24862
8657 11796
14469 39149
26659 14934
13747 30661
32109 29205
8920 7310
35859 18794
30018 32790
15870 32237
28511 38564
36975 33028
4850 9036
35009 30529
37524 23387
23265 31032
24221 38226
31857 10484
39324 15964
8248 2747
2933 5499
6345 15900
19928 14026
9200 4654
26734 25231
29071 36384
10919 9459
27887 37857
15130 31605
20665 14226
3068 13340
27476 31053
33118 22058
35610 37474
39879 4595
6739 5165
24093 30214
34148 16788
29599 38308
20398 37746
39833 27333
25839 10284
4863 1746
11502 36809
4449 38453
25167 29178
13119 23335
27100 38865
4271 5113
36050 23397
24166 36146
1194 33964
18493 4954
19377 33199
22623 12009
25250 26853
39290 287
4417 29434
3588 23837
10937 20942
12311 10590
32968 14843
25676 4333
28778 17467
11427 22823
32897 16410
22750 10891
33755 11406
248 29081
30475 26436
37074 17869
11373 28797
18190 17091
31909 21300
7283 38755
17310 38947
20473 21806
30105 11735
23187 286
28992 8088
14512 9110
3136 27706
31699 32904
36909 8323
20908 29286
12138 7572
7106 39266
4348 11581
26840 32227
3379 32410
861 8415
36624 13536
22761 5067
33395 17343
4113 27285
15094 37291
25690 29220
22549 8930
12789 10001
23568 21995
39839 9830
25674 34575
18055 7023
21646 15876
590 17760
3759 2049
16530 17334
14988 14632
21617 36940
27460 37081
8184 5910
15617 6950
22996 6274
15611 34694
14187 2673
38251 38980
2285 14320
28392 28777
5957 21070
7242 6314
29980 39390
18024 29575
11482 36593
11104 20888
24764 12532
23353 37357
20651 26390
13296 35012
4476 33811
18529 38302
28687 31940
23695 22688
31627 9709
9586 30405
31171 27582
4614 7547
39298 13554
8029 7244
17922 23887
18750 11273
11241 38520
10276 38249
8048 18104
36627 665
18597 2709
26029 37358
17820 39897
22677 19230
36591 25502
18061 3550
11150 4557
34328 4941
5576 36931
7623 36864
33919 30681
10182 28077
10769 28836
627 19859
38000 28081
20571 5667
1648 39386
5330 35090
15460 1416
29050 33485
18282 31012
33099 30635
31644 35582
22223 23064
24577 35134
36831 30345
6615 12037
8905 21793
23276 8879
24839 35746
15450 14789
9717 27380
39894 4326
46 23517
2797 6148
6318 28898
17884 9700
7766 13384
544 22564
6836 16255
31427 23485
3073 31024
7543 38098
17357 26511
21704 14541
11428 22422
36185 15079
37100 894
11383 30251
31070 23199
9695 34101
25501 11761
21631 17735
5388 14257
25905 26477
22378 26540
18746 22205
13539 22262
4528 38221
37748 34940
322
31589 1359
8045 8719
35257 20328
3461 7984
30817 13288
31893 1590
31684 36904
32074 13865
10290 4150
23907 33645
18293 22652
5885 35252
11401 9672
7973 17740
10064 37706
6753 38065
25266 142
32944 39025
17531 27727
27597 39558
38555 2685
13944 12918
3453 5420
32024 506
24824 15079
32433 6964
900 15826
16487 35418
213 13292
24289 39088
28286 21934
37219 2462
27818 23572
7903 6731
21958 7825
29762 31012
30524 10965
34782 28311
4917 27825
22465 36888
13553 30352
16504 18766
2946 28075
1753 28032
20140 31103
4993 38775
4361 29760
23789 31089
2836 35918
27863 20595
28291 30990
16725 13221
11039 22982
15737 31956
3444 12949
39764 3824
1561 8579
33497 26454
20090 39379
33774 2850
6451 30870
25601 5
26528 20231
7344 11719
8565 8818
10663 8204
36829 888
26381 21982
34077 26963
37866 18909
8139 31801
8768 39482
10003 35533
33954 12098
25819 32435
26022 28018
34564 31603
35865 34595
8593 16604
13344 37896
12225 38996
38536 2179
37352 11406
17963 3570
19455 5395
29462 19428
26014 22466
17896 27516
15327 33693
2057 34866
17802 15933
38075 37766
12775 28573
5046 4089
23375 32324
32378 19664
25158 862
30555 20111
1516 19710
33452 18102
6740 9822
39760 30491
29881 23408
19083 30440
13063 16158
18422 5228
7947 15263
31320 17125
11937 21612
8741 39850
17119 8575
20295 24442
24924 29461
3979 28982
5175 16422
3938 17008
15243 26651
23655 24388
35210 20908
16938 16674
1539 15912
10440 18568
37497 31299
10657 16718
16033 18602
34563 10481
10782 25472
24134 31609
5302 6856
35925 9792
8041 28747
6830 28578
32280 36582
12693 19541
11921 6033
34493 14029
1280 3602
4455 15453
18162 9448
34450 39877
16624 30763
31351 12943
32586 33795
31565 19491
29246 31260
19916 2291
17592 20652
21862 29472
22957 20029
18691 6256
25945 27512
29386 34651
30724 28458
257 19070
2771 38641
31985 25063
15971 12460
17181 947
16024 39529
23640 31680
32018 13902
29831 8384
19283 3674
206 4843
25562 16213
10480 23696
25839 32040
37487 1116
19733 27605
36826 11971
8156 10859
11726 17985
23241 16737
4961 2268
8632 4087
14664 12378
11067 9036
31236 32207
36943 20568
9909 24558
17913 31953
33404 12555
35034 16384
19186 5597
8793 23804
37850 12579
35500 38307
37196 21693
5085 30718
39486 6963
2413 39809
25894 28806
30287 31917
34499 1543
14857 35142
29556 32014
14322 22230
12923 13620
12173 19108
31651 32497
37189 38351
35599 24114
11450 38428
19042 5830
23703 18275
33182 39034
6895 23768
457 34544
30759 23827
1112 24989
38207 830
7442 20953
11451 7750
4667 26906
28107 6690
10549 2079
11738 13347
15328 33681
30441 10713
8647 118
18514 26
18305 37596
18756 27222
10736 20853
26978 6151
7124 20309
19312 30386
2172 26520
31447 28038
18478 31954
22023 22701
9354 19382
17167 5357
18525 31707
13990 37498
39930 30141
17603 21081
26410 23320
6947 28445
38000 38183
57 29074
39631 7690
39209 15407
16421 36765
10146 31590
31152 35120
1376 22885
16352 30200
11222 23380
25880 9852
38001 27962
38164 5540
16681 26006
2881 29589
33132 38537
19622 14358
8288 26702
1888 32214
39539 28805
29448 3418
17884 34976
13864 7754
2954 37400
5565 14533
20091 13665
35302 28609
29391 24103
6297 18734
37510 33991
33063 11895
22033 3302
19547 38842
4392 20470
21669 30787
13503 24478
5139 36541
15856 3493
14006 31073
28067 13747
7452 15901
18199 26634
21626 38318
32133 35963
36746 25855
1583 13414
22314 10000
35326 3661
23538 18047
29373 32780
31445 9125
2487 19579
24706 19962
27005 12711
164 12391
38450 5233
7134 12729
29484 35677
19373 38862
22517 3565
15279 9610
19994 17985
25604 3840
25653 30224
21540 16703
39543 1629
8854 30361
16902 37321
30634 25299
27717 37676
35442 2874
35009 33509
31251 14554
14805 33039
27980 14978
12574 1919
26725 33757
321 28594
35566 30524
17102 26865
10399 28237
38920 11214
29626 15625
185
34502 11950
8285 17541
30534 23786
8096 37065
38624 31093
12925 17315
18714 29726
2239 10928
28998 33626
7681 5642
25150 6438
30812 23689
22838 18181
15753 24423
31125 14177
8337 19875
2944 14605
761 32752
1391 34106
25808 7109
16355 23350
23652 23168
19592 31305
39583 634
37571 19402
10578 28051
27870 24674
38114 28894
14924 21172
37089 9992
31836 22299
30585 717
26093 1361
39048 11389
37453 27316
38520 21076
19695 12418
33724 6385
19229 13015
9060 9764
23691 27902
38101 36091
32641 7153
12230 30585
18480 31791
6261 6335
8711 21459
801 26218
29194 27093
32025 19824
14612 3461
36153 30904
20714 29434
7307 15421
33916 18466
9115 25951
19870 30326
39939 30667
1380 14397
1100 25915
6081 36755
29474 13240
7221 9803
8374 15533
23029 36429
20181 18122
13607 15986
6617 5398
12112 20478
23790 23617
7764 9039
32224 26440
24706 13566
9619 39578
3917 5586
24647 26413
17976 2097
27972 33620
16321 30672
38156 22021
11012 6502
11246 8347
13950 17829
2741 31472
22242 15300
17582 33086
24090 34845
37618 35007
13760 14677
23466 14548
36334 20870
29462 38077
15433 14935
30373 21642
14126 36855
38932 7588
31706 15794
23612 37877
3789 3550
38643 31832
130 4756
6790 35762
22651 13283
25634 29390
31113 17845
11639 32508
15878 29071
23183 28620
30784 27603
21142 16078
22185 8324
5559 18978
24720 9224
13099 32589
34686 39777
4840 4558
3107 19928
753 23641
67 30201
30969 12422
18890 32157
29052 13545
49 12483
15069 6816
9763 39224
12790 9293
4032 25391
2841 1927
18737 25692
13105 17552
15785 7801
27655 12254
36644 25565
31758 7073
38463 15872
2384 24573
10514 10346
14750 7056
20881 34212
18064 39414
28735 7140
3989 5242
17108 22634
24294 2553
2974 1282
36463 21742
38889 34223
13388 32292
38735 10981
28074 22576
38377 9701
29847 35125
34627 39508
1582 9294
28887 31053
24193 9314
11969 28060
1283 24696
15017 30181
6287 35021
10494 33935
26476 15839
33415 5139
2549 3809
33925 1618
6323 1238
15083 30
17641 35209
291 9072
4894 13103
2037 21577
18350 1524
16035 2177
9393 20942
4846 13058
20940 38686
22692 36584
4201 30704
22705 6567
36708 23017
26309 34869
11195 18855
31343 15286
17814 28658
10760 33302
287
12123 35014
3882 10644
22468 14469
17822 37453
37071 33290
39544 35556
13890 16249
18145 22470
6755 37509
16153 33868
39927 13045
29759 32554
3073 20810
16991 8978
37538 13636
18347 30141
3703 30194
14324 37487
19503 37944
37227 12764
5040 17577
29621 34265
3431 28532
3772 36744
4185 8821
9119 28274
18519 38275
13430 35352
35068 2136
21364 4107
4363 26866
4239 14035
32280 29816
454 21808
31647 39235
13205 14675
37811 8746
17471 3941
36256 28320
21530 34948
27567 29688
4338 37743
21125 3447
24825 12769
21761 3476
22917 3124
14693 24071
35163 37055
39812 27706
5860 25304
27266 7080
24011 28250
34703 12802
22543 12409
3305 29383
14170 89
10403 5999
28288 8217
30194 22979
37099 16677
35686 3814
34688 31772
12532 15196
39946 27377
21557 38137
3401 12617
17610 16250
37667 457
3132 2291
28420 22708
31714 15142
26491 19758
33823 25587
28867 9922
24227 5613
7080 10506
11287 12437
35982 6523
16904 31845
31829 27790
23799 23464
9280 9789
22429 5165
17514 3710
38988 2516
30736 33041
16542 2091
22465 11382
9276 2707
12256 26213
15385 27918
20221 13110
1363 1945
34027 35615
12209 37754
26954 17476
36960 23839
768 27989
29941 31377
3511 18385
17368 14856
33835 20354
6144 13636
2706 39311
4901 25924
15543 5110
36696 14339
24819 27178
21687 6425
10335 7412
22968 19945
31182 2886
37395 21974
18803 38907
322 10237
7138 38176
19881 35089
25959 11526
19271 12941
20770 11276
7399 16747
29494 29519
27869 7774
5002 38191
7410 17305
38786 29642
17657 2936
15070 38051
36659 34152
21272 16100
15785 11067
7574 7848
19699 5256
12110 26676
38878 8166
18422 19647
37066 21437
33813 19883
825 2942
27625 23898
28060 8590
21285 25897
5088 14157
27556 9687
35219 487
13704 25311
6760 24486
4140 12686
29961 11517
10009 10896
31559 31454
26677 940
31320 19884
25392 26471
9916 18743
13155 16136
20756 23590
17177 1202
31125 29489
15592 36999
6659 11205
28321 26490
18388 1280
39808 30628
8359 2228
32072 27295
16464 6603
33880 20777
35466 18996
23604 30077
31901 3819
20420 38623
28075 14381
25274 2536
7656 2808
25573 36679
12562 35838
16067 20281
13195 38100
12417 21809
15212 17605
31032 7306
5437 14172
692 32359
14432 17791
31346 28986
7411 22630
29428 9612
891 36868
2100 31642
16770 14221
12215 15478
30676 33398
28107 25772
34141 6185
38530 2450
31292 11118
7347 32872
13233 34768
5321 31189
4518 19562
31657 18662
5434 4739
13535 19030
27210 35807
33296 37088
26238 32397
31791 37201
5635 29216
27159 25624
28842 7226
25404 10396
25831 16568
24007 10903
33979 18706
4920 38799
5791 28548
36606 3235
6296 17851
9844 38056
4343 36588
29918 10399
13763 36662
8995 13014
12984 1250
1218 10396
17020 24174
36738 17103
12624 9749
6659 35486
37448 23163
15564 6501
7496 30092
35235 14182
12255 24386
6014 5238
39483 29302
20911 26097
5190 23876
10535 24132
28050 24332
29139 37100
1341 10922
12794 22007
30324 5326
28506 21480
33179 14852
5753 12433
2412 11831
22406 36329
17247 32973
26028 23039
19614 1051
847 20149
17781 24227
7726 26174
9750 2757
1001 8839
18088 39074
29398 34351
7285 1801
3123 30227
28109 14901
1254 30721
10736 10146
9813 35055
15352 19795
30127 797
18575 31335
19913 21008
39382 26035
7167 31146
34337 28711
17513 36082
23031 32900
37976 6075
35645 12720
7330 12243
36922 27224
27193 25323
19902 15412
19130 36386
39565 22498
11640 20993
26031 4038
26191 14555
4946 27122
256
23794 19849
34850 4238
12341 9673
2137 29893
12999 14213
10044 5597
39451 24684
27542 22486
36464 9619
7204 38262
24446 828
1192 17265
27948 33453
31886 18969
2780 22822
31145 9396
4001 38743
35138 32054
36006 11699
23168 16957
6920 22041
21789 693
5860 23164
24574 36019
956 39409
13535 27610
1972 30977
21767 28821
10641 14803
34390 9561
35384 10986
37700 4699
11251 31505
13372 20788
22361 32817
30909 30253
13504 25312
1614 30267
27343 34615
27735 35612
4331 11149
16534 4622
6559 39294
7919 26663
10593 10904
16809 5434
23972 15615
7586 36256
12084 20743
35036 28022
31025 8107
35138 8949
36458 27680
29483 18861
30217 19997
19804 12270
39377 11679
25956 30088
10313 9388
35639 15994
35320 7334
12435 24100
16643 30006
7151 28859
26319 29079
36573 29788
21631 2559
27619 24118
37198 34700
33680 36754
931 15174
19995 2900
21672 20411
26953 9616
35078 29376
30385 23882
38551 33244
2887 19656
21373 35433
19918 16249
3733 33207
32432 17208
23410 27302
29376 24515
36996 21888
12171 25297
17308 33976
35985 1834
32818 27804
28468 17255
3845 32286
5183 15446
20314 26072
22978 26978
24528 20825
13156 2586
17212 14705
1842 9998
30715 16786
28804 25669
28899 39602
28124 34787
9100 39115
18136 13219
39183 10556
21522 7526
28364 38631
30862 5065
9868 24878
20505 8587
31023 33057
19669 25194
39333 3859
38263 15509
35743 26138
29992 17455
18830 6131
15349 7027
11599 5174
29037 27305
7691 24659
7764 6843
27092 19113
20250 32557
22597 23190
30610 20738
21219 26179
13514 30954
3320 11180
2955 38971
23015 18674
26108 79
3661 18273
33994 26402
15409 39203
37418 3346
34111 37749
11644 38677
12989 6191
31421 24003
1203 35942
27404 35952
21625 31710
18107 32196
16006 27570
28974 30692
28285 28285
25305 23409
18832 7419
30751 30051
28439 35457
27452 19418
24116 999
28713 35972
6576 35354
23551 38220
12055 35036
38877 35859
18416 30481
34278 14036
538 2912
37286 5717
9212 18261
17498 26103
1271 38221
7461 26127
13433 14448
38081 2058
3417 9036
8854 23
896 11839
38464 29216
23633 26862
7670 23764
6367 19309
34715 15603
12120 21320
37786 168
39415 32984
22843 696
36037 8693
24552 34292
34974 2906
16660 15489
30027 28620
11874 774
17810 39346
24972 3592
34213 17965
17873 36417
11394 22395
7469 13143
12792 17324
14479 17959
8483 7893
28222 14016
2156 7568
31118 24869
8198 9537
32533 32498
29763 15016
35870 16042
25992 22279
26274 19955
25574 24949
8254 6876
39815 25142
34 38863
333 26946
11340 27959
24519 1920
36145 34453
25503 17325
36200 39936
39052 10779
18546 32293
22043 35559
18784 37739
6598 39555
34063 21114
5913 20868
30054 15327
21542 3239
9994 39608
24252 25965
31211 33
20794 11854
15634 39924
33162 24376
17497 36265
220 22942
37585 29989
21907 34363
9660 17024
13372 7420
2183 27074
21587 17218
10446 19752
10887 8610
25468 35738
23390 33289
20299 12872
36203 10384
35864 699
14874 35434
13076 27540
1317 29346
114 39222
34985 7558
24488 13835
38285 13135
28375 39402
26177 30565
853 5957
28468 21130
10844 2355
102
23381 17993
23133 36375
35116 25969
27117 7169
20596 30406
20478 1110
35612 4748
14701 27922
7418 29058
28280 7236
7028 15288
15395 25672
36101 36425
6920 3142
6255 21156
5987 36369
7114 12978
35205 2535
8000 27663
13558 9918
27722 1848
24598 3517
26113 7977
33152 6645
597 38703
15164 32095
32737 29004
23909 2796
24764 1058
21089 9468
12230 25985
2114 978
19786 13304
33044 19068
35942 10935
17729 1075
16333 22026
19003 9532
5822 23988
7833 20522
20788 22348
36824 20474
26542 15810
34375 16391
28578 33963
34804 29679
3310 31861
21597 37988
15568 25846
7006 31043
14733 21730
37344 36586
30250 25674
11648 21973
32609 30739
22748 4292
31607 276
7548 39016
75 39552
13394 33322
11104 11259
12327 23312
39545 18972
22654 3370
38246 10898
17435 18845
38408 31901
30648 23727
20449 20186
6591 39169
19781 37773
26651 35220
5243 38966
267 23952
7840 17538
13371 9436
19752 21463
30555 38072
34911 33014
35320 37456
36283 19071
33984 31321
30990 8879
23354 25083
27520 20588
28557 30136
2902 34120
27377 22168
23500 538
16199 7611
33282 21846
7687 19185
32835 15525
4587 3466
20732 30278
4589 32550
11176 25401
27089 15227
21842 21883
24284 29851
35897 15710
39040 7467
477
37903 834
28406 27606
27010 6276
38098 19381
32971 23832
12258 11752
38204 23048
7276 21846
13033 11445
25386 30837
9392 29299
15738 4360
21549 37897
1212 29676
37013 7119
30608 17854
31298 39803
12442 5962
29122 29423
36218 2535
29715 17407
11300 26543
7138 39727
34248 25244
30349 31149
18275 32634
341 31911
38925 3765
8821 14039
39695 17336
12306 20802
34400 3631
11100 16199
28798 13090
19923 37388
21193 10690
12718 1752
16155 9558
7644 12967
11263 5582
5755 5762
4485 17405
34429 17697
28200 37909
2242 30384
21493 1486
30455 34914
10030 34390
15471 18441
31849 6252
30957 25819
10928 37801
32008 2058
35323 29767
2700 29601
28927 38397
27337 26700
11394 31205
28410 27975
11143 4218
29397 1803
20090 8225
14889 26532
10012 34843
37607 38740
2730 37975
6520 23120
11475 33235
15483 15799
7103 35339
26289 15528
16927 30400
34584 37566
14956 33959
65 6619
24049 33379
39818 15672
7757 36864
11156 1957
8480 23259
29986 20349
32435 23703
24232 15431
17784 21886
35176 22306
25246 38376
23303 32970
7494 12135
17781 27362
22976 32362
21427 35939
18612 37889
12716 7179
37855 23724
31118 23035
35553 28551
33269 23807
3675 29990
29291 28012
31569 29873
9231 35727
39749 22395
32767 27873
33532 476
16590 36874
28906 24768
1779 39998
2076 14774
37350 28104
33090 10084
8558 37050
3417 26557
29741 2851
31263 2164
29059 14962
39651 28200
14979 18157
5901 11524
12139 17376
4997 32695
11945 28187
11051 28100
9117 37392
35135 5702
22998 23934
8841 1517
25809 10761
3485 28584
27021 31426
19976 26991
10375 30509
28884 26896
7098 30562
30001 3776
36511 5274
18330 3581
6167 14593
31827 29830
3986 34156
36017 6619
29838 14665
35152 25585
7275 12352
5530 33172
867 31783
25881 5059
21225 37496
20019 33088
1188 37413
9185 33232
35730 9045
19407 4081
2348 14298
9471 1535
32015 421
14378 5089
12170 10650
1328 30070
11500 35553
13444 10083
28534 3848
29422 11362
6127 821
17745 23244
5076 9502
11759 5773
2818 2146
15637 34142
15418 8512
8654 19122
9355 2735
12755 33471
18325 820
32764 17079
2508 19903
7580 11535
6812 2392
19199 17380
17741 4519
20784 1782
32397 25158
5187 2336
22501 958
36116 31351
20484 18762
9838 13436
31767 26769
37330 30901
1414 35270
32503 23558
8777 25257
1674 25834
6439 12818
39981 8142
15519 35441
33754 28507
16753 12411
6587 26524
18673 38994
24331 11287
28744 18302
27455 8465
34176 7209
35654 23479
20292 28905
27429 4392
26471 15233
1763 23407
30668 22675
24440 4539
1262 13530
20360 1531
28988 30667
9099 1929
1259 12019
23795 24380
27755 27024
15621 27914
13125 13125
17454 16572
17595 14764
22840 37992
34445 8249
7209 3086
21388 15848
21150 28093
4119 744
32447 16050
17386 19094
146 35690
34593 25921
36319 10447
33126 33671
26034 19749
37016 13513
33710 14540
28532 38261
33972 18660
26202 29442
26458 2648
14378 24525
9817 32119
24427 11349
37485 26420
1504 22198
34707 35169
15261 26514
9640 2553
8928 14266
11096 16897
5335 9035
33639 35163
31360 27230
28974 20027
23920 22956
1936 21435
23927 4225
31822 4970
6200 7276
25691 32633
35033 7081
32721 10588
33956 3241
38616 36914
2171 411
14642 28412
14308 36035
11849 13088
36260 15602
27809 36009
18367 2115
13109 14962
7454 1729
27229 26247
22605 552
16746 36396
18265 8837
21325 27137
37054 20840
1894 32429
13776 15589
25611 39045
38468 2163
33943 25019
17938 17792
20646 7066
30107 23587
4531 6632
38108 36412
4537 29924
387 21314
37049 7384
38508 19814
2225 29256
17266 26862
14975 17321
13849 23845
19084 6798
5660 2306
22111 620
25114 8866
25006 20746
18892 11947
22452 6189
12206 27774
30996 3026
3794 373
6583 16863
15876 30574
28321 23854
37565 34978
35888 19087
21973 35117
33751 4331
34631 16187
15 20803
37535 24718
6613 31096
8309 38035
30458 19571
13721 25084
28224 10448
30255 4213
17093 31122
2677 35138
29292 25963
1981 2063
23099 23050
12833 22539
9484 31413
22293 4371
2277 476
39641 17025
21764 28154
28025 32659
19691 19310
14001 25635
16931 8553
671 1869
32044 23357
4959 34900
18111 16045
34120 19152
9369 2980
30658 23592
8589 34376
21789 33104
29630 9359
10967 7199
14939 31929
30075 35836
874 12718
34350 17477
24486 31666
9031 25328
17256 32028
9711 8397
36656 39070
25685 9151
9912 29830
18189 37461
22398 35108
39369 2296
13127 11341
31117 1072
36857 5555
16038 9034
9654 38663
24402 19714
30818 23250
14510 29754
1955 934
8288 10782
9292 24317
35248 25946
14762 14201
12085 7377
37231 21238
17148 20333
32230 4104
13426 3857
10228 32393
16478 23543
17055 2452
20067 5708
31124 28305
36529 2965
6312 24560
15911 19805
21659 30183
4750 22710
22155 31364
23957 23478
15833 28222
34598 29672
29500 20691
13981 30389
10801 32588
35254 27884
23029 7888
11770 16571
5664 34231
5803 14450
10572 24618
7456 23633
28292 8315
29808 34630
9930 25992
32554 15085
18952 31835
14590 30152
15080 21464
19781 17559
18912 35193
10464 6735
14445 18224
7369 383
25073 20704
39322 32539
36149 14584
12784 18528
34318 35336
32890 2620
33656 8450
36969 27900
13000 38185
37999 38076
1407 30664
6175 32508
4814 35697
5819 25573
5166 4193
12177 14855
26714 17602
269 9185
34056 24702
6870 28825
24779 1317
1715 31305
21824 16598
26423 534
17422 24215
18794 28954
11618 25437
16482 1303
35790 38757
15538 13012
20530 35867
3576 27326
36881 20340
17598 28273
8964 25816
10339 12655
18106 8889
36061 1552
26876 13916
9055 36706
30921 9617
14737 7096
36311 32022
34331 38542
33667 4119
19383 13593
31986 4434
18416 9717
21082 17124
24453 34881
26498 34050
20950 13384
25747 31723
7993 20705
7348 23233
18087 29562
33163 17368
34425 26493
22489 34520
13896 766
335
14681 3271
8698 32952
37908 19533
36946 27797
31750 12115
8850 18242
12231 214
8065 26075
5243 8455
19910 19515
6340 5255
13546 28211
15875 31058
2809 23127
13762 3754
17813 13830
22970 28908
5750 37725
33979 28954
15962 5353
9432 25637
35551 28898
15012 39446
11529 15636
12559 37228
10279 25190
4191 426
19212 30585
33337 2787
1904 7297
14080 34361
15335 37652
18671 13152
26537 24546
31984 24464
32771 13979
24971 9921
13547 32496
15709 29613
23671 16473
9708 11541
29964 7462
20347 17133
18990 27572
17573 33424
33832 16481
38069 29990
8508 32202
26096 144
16532 29028
5771 14927
13664 1329
29910 17112
21002 11310
24449 16761
32196 21376
21663 17938
34699 13919
1349 1566
107 1578
10028 20159
23871 25616
5625 22748
11836 24764
5770 5855
27135 7253
37001 4778
33298 38334
17656 10788
5278 18208
2548 27759
32472 5991
10367 32770
16544 19560
10039 15985
12276 3736
3167 4701
14800 26054
16252 39767
18560 3120
9637 409
14299 38876
6812 8739
5961 18219
31625 31001
6862 9634
37607 23545
22392 37266
2436 24337
21944 37446
6444 3815
9833 35997
35566 13015
1353 5381
36802 19209
12675 20901
31658 13032
2298 27769
4400 15089
29547 28786
16494 20857
10312 5943
38438 21149
9922 21596
24366 9725
8168 9072
17729 30704
18401 4765
2622 33678
1890 15730
994 22524
31415 35118
25001 37440
37248 28655
8220 10308
5949 38786
16383 27182
6698 24013
23204 23190
1300 23145
29141 35308
17685 30796
12218 26463
15150 3391
18976 34768
9964 19777
14597 22778
4311 28024
31690 8933
11525 34869
21896 5475
32328 2864
36267 20594
34854 30752
22495 21784
34424 24814
22633 28477
23196 7590
1801 7885
37908 19584
30381 37200
32920 28784
31848 17669
6144 7023
39641 27760
34900 1886
20222 8990
30277 31598
11100 36733
11120 36064
1012 18214
31448 28037
8916 35433
29049 36968
10430 18016
20515 24649
32554 20576
38719 8162
15338 13246
12229 14521
37612 26487
18560 5123
24075 33772
14935 4664
4130 20367
33590 2328
8212 16071
18527 37078
6193 14239
11480 4179
39543 5408
33894 30865
11427 2833
8959 14815
6755 7986
29815 25214
10663 11261
32035 24818
3233 28589
6926 13652
35610 25076
16906 7349
6709 34579
18403 3575
7316 26026
6275 14615
35701 31360
18391 37529
32628 24537
27531 25589
8890 35719
20303 36595
35752 39865
38518 17896
5613 12877
6532 23116
27842 37605
26315 3023
13086 29983
21234 12387
25345 4589
9815 28793
7485 20677
33490 36886
33195 33885
36577 2465
31189 27291
18306 29727
36806 28250
2382 32028
12435 15057
5006 16297
32930 35241
19841 13488
10816 1404
10374 32168
14404 25954
36275 8383
18861 36920
25833 1737
9813 36037
18234 12855
31507 23040
9210 1227
11851 33318
35788 16561
16457 16396
36183 17319
1395 13597
39377 29585
216 31560
7571 27737
38025 39248
34449 17931
36999 8467
37880 29056
18528 16349
30207 36140
26964 16314
25408 66
24147 21324
2618 1034
11782 8679
3483 21602
39737 26257
23126 28898
37867 29832
35249 6962
32635 18245
38777 14959
11758 3144
39744 7597
2418 8493
23116 4850
16596 31450
8866 14010
10366 22577
20491 27746
14554 8628
21773 20465
21134 15369
35861 6717
31033 14756
21539 38842
8480 10182
31026 11036
37585 24341
28568 26549
2794 10854
34829 3527
36848 25546
27058 4373
8188 1861
37650 36176
20823 37585
32805 4483
1339 31492
21402 7420
31464 25233
2618 14690
12029 34553
21765 19342
10463 5173
26291 4433
2505 38360
10291 28679
34504 4272
27118 38868
13034 24920
26399 25664
5721 8050
38663 28479
38907 39344
30196 21690
39557 18377
38773 17619
21436 11366
5435 9116
27621 25979
33294 16363
37795 37113
21935 22057
21272 18254
15740 19676
17640 23203
35499 31887
37546 19561
25654 32057
14292 26984
14473 12055
12509 22423
32394 36157
12236 29008
7215 32509
37058 10701
20634 20701
13038 30239
34303 2616
1946 33946
2451 10744
36403 36895
23883 6695
36996 27974
29045 38060
26092 17162
14499 37680
38481 30172
37349 9946
30741 29436
27167 14643
5141 9744
30816 14675
6675 33209
22967 38900
27288 13260
25
10390 2972
31213 7226
34311 11448
13664 3679
14116 27090
35816 18417
34788 3483
26983 26975
26143 10295
17529 11263
26047 30814
21097 36342
35271 29293
11444 20613
28347 31437
29142 18587
23416 39415
8824 15370
35675 9731
8429 22337
23653 21100
5830 6514
10309 39140
21031 37567
6560 292
370
14896 23145
36796 20016
36854 32673
25085 1670
18892 79
8441 5833
27806 26119
13642 14255
26093 20069
39808 32525
34636 32389
3513 36443
19951 9379
39911 17601
17101 979
13471 29223
19088 25253
36118 8372
11 9299
18042 9919
9893 28309
23783 23416
22441 14858
37092 32070
36707 5377
24390 37410
39604 21533
18111 23162
36276 8196
10879 16171
2679 32138
29301 8518
39531 4963
7605 10824
2603 38184
12612 17893
1844 24477
12145 15562
28545 4330
12678 22653
26830 6393
37736 36805
1713 1397
3012 6214
36016 34043
17204 10713
39726 13353
15950 4531
3175 28303
20854 15739
6466 32231
11122 14531
8339 35249
28023 39368
16390 13122
33622 14392
11674 7807
25784 13302
35840 7893
7725 34040
31602 29170
31984 23220
9055 15695
8173 11224
34007 11482
14871 7160
11646 33323
27144 19303
15989 39615
28638 38628
31904 13869
9248 37194
10548 30513
18561 35775
33900 7801
23322 11103
13067 21211
26911 32870
19087 9658
38763 36587
23096 1973
39551 11322
24332 25440
17859 37248
4415 22493
7047 33935
26094 35306
21892 23066
4873 20240
15311 22807
39599 27767
10202 20652
14105 10560
31719 21654
4839 38927
21410 10077
39264 36910
4629 18016
5659 2053
39463 23384
4348 33269
2348 36968
6254 29717
5437 34822
38324 14144
25018 24594
32969 22847
18727 19928
17693 12096
4623 21268
8759 26725
18093 523
2052 9476
23402 39919
25438 785
10035 8555
33888 21171
25522 25474
14108 25503
36900 1547
25491 93
34320 16860
7229 2462
36281 39511
9048 28151
34732 4123
35457 12674
35625 13369
21949 6394
20335 39739
11007 3533
19505 12167
14176 30883
29628 37851
14855 16631
24855 5054
35941 8109
24074 20611
31465 11808
31354 36106
34756 39130
28980 23156
28284 31683
1535 14047
36115 26752
2010 31034
7923 10934
15349 38741
4417 11330
37484 4708
3157 33932
27350 32723
31028 3414
32940 5923
2492 26160
33852 2328
20709 12529
10738 26306
36183 32987
31994 7664
17983 5753
20361 38055
10505 13751
13464 17277
25793 36095
37905 8729
18297 12367
21504 4135
9563 34219
29669 28457
29032 30718
36821 4633
32398 12038
6420 36105
4581 2951
7807 38574
30165 31626
25533 60
24404 39501
27898 16893
14500 2990
1150 32755
18877 7574
26325 15658
3203 17367
31847 14032
29282 9810
2396 30961
21391 32173
19202 15917
1662 21001
23856 18752
39954 8937
31987 10621
32809 18493
22616 33922
9979 31489
23878 18407
23608 33642
30634 24461
13946 5457
14325 10426
33496 29712
14375 5702
13376 37695
11831 156
38156 9502
21299 28049
13270 8749
14998 720
11268 5830
3745 28014
22663 38751
30808 14641
3835 1268
8561 26708
17609 10566
16774 16568
26 20388
13316 8004
8104 33916
21122 3165
39982 18751
5400 32678
39738 8110
31712 2135
9160 8321
9937 30902
5331 29572
21467 32773
16412 32943
36461 28005
27180 6111
39803 24658
2614 3586
19745 36611
5610 1534
23525 15535
25135 16526
18274 29733
15823 34266
26228 39847
33290 30170
22344 36527
22250 3856
21526 37485
30657 7893
11786 34619
17127 33816
6580 16638
14375 37731
2344 25383
39386 6143
32523 35888
7860 10975
23473 11188
34850 22726
14819 29512
9429 14427
14717 10266
10369 29910
10136 21941
21636 9244
15536 35314
16433 35863
26913 11125
22766 9597
33498 30763
22357 27589
3005 25551
17543 492
29008 28569
20215 33227
1269 33943
566 16086
8926 15367
32009 16550
6326 23204
21048 10420
3132 21595
19265 4232
32348 19834
10563 21577
37364 11168
11854 2703
4514 24172
8926 21300
14535 35388
12042 39028
8396 17164
30249 26923
25581 18169
29593 25454
26490 14192
34774 32667
1187 19330
13582 34561
10405 37674
8867 37228
33895 24121
10862 14780
11348 27880
23668 38095
38659 7492
8374 33693
30412 27244
12879 32422
3657 23785
34440 19137
27002 29052
2454 163
9122 31784
21750 28490
19284 31360
1870 34334
26899 22601
26719 26244
25319 4546
4623 22046
3268 38805
14333 31935
39763 23904
11838 38804
5182 30
24237 27460
33378 24285
25069 10634
21799 27066
10858 22347
12953 8632
12063 30976
16341 37969
17566 25449
4497 2450
35473 4492
24822 32241
12661 27736
16247 17589
21690 7924
18894 29218
37591 35217
4239 35448
36312 9309
7043 31233
1071 24905
8255 19118
26948 11676
11909 39032
19011 9451
10709 38067
26020 35103
25020 30063
6077 10319
32505 13919
37449 26330
30557 9630
39404 3095
13778 470
11663 35533
3448 38571
37851 7537
21635 36191
58 17126
25418 29921
4763 30674
21360 12132
420 33148
23825 555
37179 19802
36207 19510
113
37805 1780
35420 26862
11137 27514
36456 10144
22456 5891
23405 4457
2894 33643
25303 31776
27867 11345
36907 34096
381 773
13825 19456
23170 9262
24977 37378
23735 8090
1438 28076
20251 7637
15430 32629
2663 31314
23394 14933
10676 31688
557 26034
291 23779
31994 26727
16972 15265
21010 17279
37737 31052
7036 31053
22890 5025
10675 607
15395 16252
16799 30628
21351 25947
2326 8259
36530 2505
22731 3396
12076 16612
33426 28305
34771 34886
14768 22044
31462 39209
13662 19459
16392 31809
15561 33003
18269 16734
34626 32935
34227 18345
1046 21890
15482 33435
8779 28185
18501 37660
25160 10602
31915 2112
5645 28591
4109 1541
19654 26389
4325 29811
30804 21632
39000 5127
12467 32874
32423 14663
33606 16932
24355 14219
33947 14830
19103 7113
6930 37428
26499 7883
35974 7122
26120 25716
29716 34867
33855 6011
11589 33834
21629 27709
28465 38258
28005 33848
38439 29138
1275 34529
37614 5162
11496 36560
25120 33839
7294 26808
9367 3418
3014 9743
11731 34991
351 5526
28525 15443
6462 2897
2913 23527
31102 27788
23556 2659
15522 28648
35252 6914
19208 10758
39216 5673
16769 15175
26280 10212
20685 10980
10487 20149
4856 28406
33504 28071
23428 26206
24132 17033
14805 31755
31128 5232
17303 242
8523 25405
27486 18313
19828 8634
27004 27928
38521 35690
9967 24142
14284 25945
16988 25999
185
10677 28344
29127 12169
36140 21519
10975 2335
37064 20004
16483 7405
22513 13223
16155 32659
22269 17436
11462 4150
29191 7475
35872 20035
30522 27234
10476 3945
26766 8640
21830 18612
16918 36825
11666 26568
3108 30190
21483 25892
6948 31802
39737 9087
34586 6042
24400 32875
35903 38295
12658 7821
2140 12427
10775 22674
13865 34253
245 103
27862 13850
25882 16305
26160 33767
28811 24406
38129 33938
18965 22635
2141 13884
24971 39874
39134 25327
14916 38053
18042 37710
34919 29186
8967 33650
39582 2316
14209 29612
38587 4972
22631 37603
15517 37572
16725 20696
29380 34131
36241 30230
17344 7205
37776 39556
10497 29250
32263 26183
19048 11116
6982 10525
13035 24227
196 29333
105 9672
1788 32021
1727 12994
8035 9663
36933 34375
26111 15721
12613 8902
16448 9724
12495 38237
8074 2841
17860 16507
29326 19853
3581 27712
11225 9434
4317 38873
30106 15281
4463 32154
36427 20194
9951 37684
4553 36772
26388 39552
16968 30337
18933 18261
34585 32316
10712 630
50 15213
24202 15531
31363 18327
18420 37630
25249 8508
2414 709
23423 31440
16874 20583
9217 27781
13172 33825
26727 28869
24719 17310
8039 9561
38765 30099
36578 22550
2946 17803
32170 38493
34216 32712
12303 22687
25731 11708
18431 38516
4113 1627
951 26937
9871 13834
32179 7448
7129 34190
3143 17622
7869 35373
3183 34798
39434 8999
26912 33647
18323 36104
35156 16696
7058 107
7151 563
39547 4329
26727 15538
27971 5264
1790 11155
16194 21400
23996 16090
18699 9288
34428 29899
18586 36431
38146 26653
34427 3450
4801 2128
13819 15447
4540 16023
20451 958
12791 5247
29747 36482
17448 25569
561 8905
39537 35839
36463 9958
28960 34316
9982 20081
202 8252
25552 9685
39698 24826
21870 30551
30022 2558
38448 8641
18677 2175
13292 29916
25466 32233
33865 26481
12505 37627
16911 2301
7097 35242
10802 39710
20136 35629
6290 10828
26704 3421
12751 24349
28428 33224
22314 3072
13775 19771
14344 32691
26559 36569
22071 24563
39643 9831
33672 25116
7479 853
27594 21648
26894 21446
38513 1231
23694 25090
30100 35858
10816 31860
38553 17787
29131 1240
19460 29291
19684 29021
39640 15997
12221 24466
33296 16066
7615 31887
13457 18863
32389 23322
32
31453 1239
26529 12265
21225 15484
7102 371
39130 22680
18057 34206
26687 32950
22712 23772
17324 32363
29538 21252
797 13164
36274 21512
7243 32603
32591 31963
36897 24134
50 29981
23791 8214
10566 35688
17645 9230
14875 32897
31912 2012
23307 6997
26357 22038
31197 2148
8366 6815
16151 29722
37985 37910
18289 39257
33734 27988
35011 39062
29177 11957
28112 2946
62
468 3066
18892 24879
19324 10155
24207 7670
30473 30495
39332 25901
33083 29401
5640 4174
19138 37981
21676 21535
10282 24300
23948 7150
16400 20042
6969 6078
1479 33642
34488 15266
14049 4435
30445 13080
8406 39659
18440 17225
20250 35109
1599 18895
13065 33994
4157 6076
34637 10539
36150 27121
33654 24497
35544 24460
25620 30607
14341 17717
10781 22024
6065 28145
30261 34025
39871 7503
9304 39197
31883 7308
2281 2339
17510 28343
4925 16821
2582 18089
7305 18225
36828 18281
23493 28096
36157 38146
30451 30626
6474 19664
12523 33222
267 25173
29142 17227
15720 14259
29389 15010
7881 7616
22343 6731
11370 36359
33059 3356
30401 7546
20919 8454
28041 35862
11469 32026
39821 11063
23941 31715
25680 37783
369
13306 28829
4583 22424
38497 12419
17411 35139
33530 7199
237 33155
19502 34694
7015 21270
28153 30633
27316 895
28990 31806
25345 19889
28705 37752
25224 26733
19844 9572
27332 30295
11066 3036
28840 6847
21660 6668
20853 3624
38486 33849
25220 39065
9033 17794
20468 38349
30239 22814
8769 11301
8086 12255
38239 25744
26108 33685
6710 10864
5846 30921
15882 196
15359 683
2207 20602
3614 25155
6385 20017
15546 35370
5905 19605
481 30079
7228 33452
34536 26701
23243 92
23231 36790
16173 4761
16260 9264
39958 33489
39917 13020
17626 36061
19938 9204
16050 10843
6014 8408
23842 7398
28657 33334
32649 15808
6739 21645
15190 26183
12262 33295
6247 9911
30935 17739
3877 16627
34373 22644
20777 4462
14940 36905
15877 18841
14090 23344
32467 4784
15955 18590
26289 8932
14808 13659
33415 29437
24995 23082
26231 5296
14900 9408
24508 22556
3429 18092
36210 35205
35845 9901
13660 21303
11987 14114
18305 6499
37935 28904
19559 16237
17337 23132
28794 22246
39773 18606
33435 29125
688 20462
13930 23657
32642 21992
37889 15430
20296 32041
7984 18498
29317 14356
2083 5918
10485 35509
22207 17411
23138 24088
34951 14707
12036 376
16200 33623
10008 36893
4282 18983
4009 28264
2664 6071
18472 19926
3775 39640
12573 3444
30525 447
3713 21335
37533 7886
3710 37328
21800 1925
29600 26068
1123 7705
26455 6301
3690 12767
17322 29039
36836 37954
7920 13666
5137 10158
3492 28590
6651 39346
39128 32108
178 9429
14032 1939
39470 13923
7823 34183
38077 29040
32494 38254
5857 25132
3542 30501
30102 22627
19421 18506
26569 11133
17895 22624
12802 4707
6655 38895
14056 33277
11584 15582
24099 2753
37009 1624
22841 28942
11868 37986
4 1874
14299 34557
25987 30869
23880 33131
26593 4063
1616 27375
35509 23100
9153 35746
525 36441
26452 16231
34111 5113
16220 38958
194 36506
21029 24203
34782 34044
20008 27157
25626 11649
33063 2027
31815 5572
12390 29133
22873 24602
21573 29700
35626 24168
24757 33096
3469 13054
8727 38979
18577 39479
17200 3657
33050 6506
4278 36383
16822 39266
13630 1867
10997 9567
33783 19714
10104 9051
7530 4311
25254 11450
24731 39465
901 13706
21870 6477
36273 10269
31887 808
36642 15057
29803 29126
6247 22835
752 28372
27870 33581
34782 21320
6602 12246
3404 28867
900 8123
14523 29943
30910 7984
31813 6865
18568 32934
209 16260
24584 30294
36657 18060
31941 3701
15266 38624
33128 5442
22924 15673
18132 35375
17798 9909
23670 23220
10131 25886
30438 3698
30789 23127
34252 17967
489 17786
19900 21076
16632 22471
28289 15131
29685 37440
23354 1596
30364 8965
37851 3523
34642 258
14598 35424
11489 18321
12887 7306
16207 30726
5454 112
26447 14750
22565 35008
34447 34370
29181 35587
18477 30213
102 15755
3225 23013
20504 18392
1768 14768
23339 17515
3132 36340
22952 13815
2323 22849
27224 35837
12883 17735
37018 27692
36328 2625
22376 29867
36731 38127
10803 34777
23068 7638
37047 2111
18653 21714
15134 7897
25105 8764
21658 3359
421 3644
22403 17046
8886 9616
7818 29945
32003 25318
27110 35941
8965 27725
34760 26006
3497 16724
28714 7199
22059 37923
37787 8732
14917 26079
28718 15819
17684 24834
21887 15013
7372 25864
3122 27560
37078 21723
35424 29624
4183 13199
16431 23985
31388 17648
26155 18019
39126 9120
12826 11931
7321 13950
4844 2436
1049 1952
27619 32291
38550 22446
36063 29323
26757 7115
8986 6490
32960 28518
2734 12024
3010 36937
20092 23237
36099 35995
38951 4111
9380 34859
5253 15449
27926 21473
31085 29270
26953 22479
649 36741
28372 28955
12900 33848
2820 39160
37277 15516
34825 26416
3558 27473
9562 24040
17419 22235
20056 4633
35559 26795
8323 35469
33432 33114
1600 33150
27152 22486
15932 21000
22758 24825
27862 27043
6981 12516
37375 25527
3508 16398
27702 34668
3262 24885
27573 548
23569 39425
11983 33027
5212 35518
25935 21146
21269 39441
3939 36545
12144 7602
8760 22672
4548 29112
23428 1858
28029 27879
28043 1617
25070 36609
21531 4221
9588 30642
19762 20224
21875 943
37109 6840
17657 30352
16130 28451
25571 30523
18618 9406
18802 18926
30483 34054
7881 6600
21451 32510
19185 24436
23803 3596
17958 24799
9425 14730
25778 5789
16192 26497
17365 20190
12384 16797
35663 30365
5598 22966
18451 32389
23737 14394
24340 20914
39103 18317
33949 39904
17211 35506
39518 15292
34096 12276
24316 29483
719 15451
9649 18903
33021 8353
289
39804 19260
22176 37188
29185 39541
34994 11441
9019 31082
21941 5970
25678 18529
2386 31750
11820 7214
11640 19133
11847 34376
32320 35204
14593 4644
35726 34070
31070 19020
6188 38863
6368 29257
10849 35498
12242 34177
5338 31207
6823 21891
979 26758
27753 3557
16218 14964
37101 2658
20363 35700
3408 29547
13109 34977
26460 15915
39555 9494
23721 35791
37178 39688
21464 22733
31083 36964
14161 2614
1394 1129
22488 25895
7553 8398
30383 17518
9629 530
1418 19744
36392 26012
27940 3714
33016 39976
16077 11412
34761 14554
26520 10127
8764 31247
16237 16302
27953 31230
32715 19518
25003 35699
34391 8281
16465 10664
13002 20623
4654 15196
4725 32446
22545 20832
7778 28727
28017 39667
29962 34782
4799 13500
29796 3838
36782 10066
8736 38656
23119 615
1322 29051
17814 36092
2433 32732
1451 32198
16441 32547
22116 29482
25747 1240
1632 12396
39603 22119
39772 6771
31714 24195
29110 22325
21104 33996
7119 8721
26135 32634
3493 10982
12789 14363
2755 18063
4908 26236
30786 28259
1482 7860
1685 39768
1821 35120
9197 3845
27429 3064
12874 12986
20466 2467
37741 22368
24459 23900
8729 7752
17051 2772
38632 34991
37949 11773
38432 37552
31027 22744
4332 11374
29295 10694
24087 39933
3060 6592
17574 11604
29148 13328
1670 37513
26696 37702
32937 5412
28767 38374
31971 29770
20181 29514
32317 37673
19734 37794
5732 5551
19324 11133
36232 5560
20684 4370
39710 24336
6790 38746
20012 13729
27347 19820
29159 4640
35681 2051
16761 33258
33937 34859
19918 28694
29163 2723
21582 18649
31755 6543
32826 13463
25810 35498
36872 28895
32321 39611
5343 31460
29295 14851
5094 5656
7893 12724
35669 39583
21082 15211
23641 30126
27280 4839
9891 26530
15506 13295
28235 2040
15581 1394
8023 37474
14256 2684
15503 22668
12966 17994
5042 6047
20249 7349
25179 18177
23983 13541
5280 7013
21962 4056
36228 24102
1514 19025
10677 14841
33589 16531
2206 30843
16972 37070
31591 16280
35328 24460
36681 7487
9044 26276
31206 13703
728 23586
18029 7098
14963 14197
6814 21880
5413 6079
37277 10906
21867 10611
1155 539
23922 12040
19212 27194
4998 15198
6256 5787
36355 19153
29646 23990
39125 7456
18046 13281
2962 17130
17309 1974
14958 6472
5766 13110
18399 23882
10680 16678
13098 6806
7298 1532
25312 7829
32967 25708
36254 37961
29937 12662
32358 24068
21174 4157
14367 14905
17323 4225
17867 14629
1584 20336
37600 35189
28611 35295
31223 19595
39431 37120
38434 11350
33660 28806
13294 30381
15189 31638
21261 33152
25609 6347
29774 914
23174 21639
34274 16948
16969 10751
14868 22778
15273 21036
13390 39760
583 4949
38203 32046
8949 14763
17474 19192
22425 37239
239 26910
26458 32469
24718 39306
18640 6850
11794 9144
9562 21506
36118 14555
27228 14406
3791 25162
38966 8053
14154 3778
24335 4058
19265 21344
18308 18388
2719 6142
23645 20133
3572 25639
24721 7388
16218 8421
38957 11661
21202 35238
38497 6143
39713 11558
25927 2540
14145 21668
6473 38278
2521 685
11647 21696
2359 13636
1086 23090
20945 11971
22022 10607
1806 16299
14424 13299
8095 9291
36626 38939
24249 36937
20966 19838
23428 7291
8992 8714
18242 34859
22837 31078
23049 37717
36433 23725
15398 7824
3161 20145
13336 1009
37080 4961
12690 17690
30446 13864
38067 35535
7610 25273
5781 35429
36184 3041
4158 23144
31685 2709
25939 37476
19724 26162
10255 38854
37880 33007
38550 4968
38224 28261
1038 33344
31164 24575
5689 431
422
9856 15370
18789 30450
3578 30740
30719 30600
21619 9421
15227 11286
7574 28717
25081 13543
39200 12045
24614 8738
9504 39299
25535 30651
14546 35249
8997 1424
38387 12245
38276 39603
10887 22804
30225 27282
22185 38431
37902 23436
39356 11168
8064 23673
7984 16632
25491 30341
12202 17232
15701 1017
12000 2746
3434 25055
24370 32860
32460 10707
22132 6809
26479 24942
23216 1802
34398 26185
33699 25571
10781 19329
1740 22186
30557 17945
11162 6209
17507 20481
3292 37664
27775 21848
37836 34819
29794 28028
10493 13270
14412 430
18039 1790
23909 12910
13262 24247
29648 23471
28630 27606
19123 1524
3327 19702
25520 33681
39687 24964
19458 28948
32574 26502
11960 12837
13963 29739
12592 31923
24532 16544
24063 20998
15515 32047
9816 27821
23784 37017
27300 19526
2593 13012
18885 23649
38089 3574
14009 5345
33379 4221
21708 19451
31415 4757
18384 15496
28347 25936
1385 34971
9057 28984
36291 11331
34434 14464
23843 28881
29055 18792
6167 26424
24187 28961
14206 26042
4696 32750
31605 30491
37381 35381
15831 9763
18464 33933
928 38910
30184 7718
13317 22766
14500 17512
13277 19494
11515 29385
35577 26764
7638 39364
14941 16241
1425 37024
12873 11010
8865 31995
8287 4664
37293 36372
677 17273
32855 3780
6654 20676
17879 31382
14059 11345
27482 197
12639 9445
33867 28647
33346 30504
28311 860
30825 28399
32152 20647
7193 2508
6015 14655
31056 271
27199 32272
35362 1473
6621 37028
53 37938
12417 26006
25357 19644
33641 27587
10651 24267
20542 30109
18 12626
24209 6543
16463 23912
19972 31866
37296 7071
24465 27781
20211 32954
14556 20221
12086 22011
2530 22905
31030 7078
20515 25892
7824 7682
14872 14143
39312 28407
33275 39045
32587 9656
32176 251
16516 5565
23110 28097
39080 6738
2166 36258
34556 1518
21759 24457
8217 18982
21429 6629
3706 9846
31918 21152
9827 10252
17416 35181
265 28011
24264 19679
16130 18191
16934 11108
31060 11296
39698 29970
1725 5364
39070 10343
12473 19943
28648 14692
33744 29056
15555 3495
22085 25280
35205 24458
24578 32920
3283 9218
1345 14092
29326 515
38124 23450
30866 36079
20271 12630
21622 25693
32647 26727
16022 23432
31257 17543
31730 22641
1981 6795
38762 37897
21912 39018
22135 34157
36311 15077
39641 4007
802 3383
16102 34045
21592 9902
32548 28323
32967 4368
13056 25205
16032 14515
3325 14494
12374 38085
10169 13313
39260 33965
7840 28539
21552 32208
31378 24274
36562 22658
6390 14309
1537 25447
775 15940
5456 29117
17749 6796
28522 22454
20063 11306
30479 38350
36095 5191
13130 840
39640 23139
1200 36930
38269 3719
18583 38288
24800 21847
27130 37082
23304 5771
23417 28258
38951 11691
2048 17064
24995 17534
14238 35278
18867 21226
35329 26853
15914 37769
24720 39390
36163 22400
19918 26656
23935 22558
29818 13288
37727 15147
35787 31773
32036 1251
11981 24836
320 28693
31971 1897
33606 14660
12496 1953
17281 20099
32657 10026
736 36610
18708 37903
15223 13732
35736 10209
12414 8571
17748 13980
21073 3437
17147 16159
374 5914
25055 29654
26993 20250
24922 26036
12921 30381
29984 2692
13635 36951
12833 2118
16310 38896
7700 12799
24107 35943
22975 28269
9155 35185
13590 9069
14064 2400
25432 8269
21018 1190
1024 33028
12121 32232
5053 12104
27740 16492
8555 3156
23430 26214
23548 4791
24142 38548
11144 17157
36248 15186
21329 14124
23134 26853
32652 22311
6959 32174
20335 11494
38158 31345
24922 32429
9514 25221
25217 14884
37794 36655
11363 37893
20559 553
6394 6256
16504 34736
32145 180
30817 10417
536 36579
13236 3614
39773 9612
30820 17928
21047 38916
22969 17851
4532 30848
21180 17668
11840 10936
18140 22695
20241 48
14850 28294
34577 13239
19528 6801
16923 28887
37852 21440
30052 31673
15763 24512
34656 18499
2220 26290
10113 29623
16842 39265
31001 34975
9672 6465
5794 23786
16755 31181
20342 23847
28870 32571
38596 13093
7617 7559
18724 17391
36920 35951
15563 9471
30873 38984
12080 6478
11204 32767
22835 6007
5763 18864
414 8797
1609 15240
19201 6823
12389 20210
9151 38520
28292 15612
24908 35668
24735 15520
22618 1128
34017 32591
4858 713
9876 36945
29474 17326
31500 5723
27372 27041
25056 15867
15325 8313
1972 32435
21846 14002
31645 22188
25720 8979
25803 19847
5418 32737
34993 23346
2873 34101
1921 36530
3545 3633
17681 28130
4613 34650
6888 31710
29003 24248
6816 11583
3388 15129
2306 9979
28860 12848
13616 5232
15788 6027
35071 25678
11246 17520
28293 5120
13452 21343
6822 15694
25754 18705
12193 22887
4241 27416
35827 25509
32314 5293
12958 32917
21253 28068
12092 1929
33868 15883
18772 8049
2980 11899
26064 27065
22969 23152
38671 26812
17591 18565
26318 6370
12207 34569
6480 32165
33169 15411
36784 24045
9452 5289
5500 28681
20504 22989
16328 38363
24761 24586
34351 26834
7277 10274
33869 16846
35224 3929
20149 12551
33820 16990
14346 35462
19980 2263
39573 20575
7133 2765
33394 16279
5057 37934
38430 16003
24286 8969
9528 33551
18397 36731
33547 10946
23434 29584
28514 23014
27203 38979
35076 8754
37954 35567
495
8649 2478
28666 15495
34981 10700
3425 12089
23701 24136
11408 21741
8772 1220
19854 8648
35230 38945
33997 18186
4479 11373
22955 33157
27762 31840
32967 21814
37642 21579
5869 3843
2749 16842
32078 14564
14581 27218
20420 30881
11554 20952
4595 16267
22760 4416
17620 16651
1307 29849
22091 39590
34890 5691
14521 9970
7851 30251
11225 20041
26420 28913
19258 1021
33126 32200
36236 31626
36073 30941
7343 25858
23544 4605
30145 11068
4592 322
21856 15847
28739 1281
19646 5429
26380 33947
39500 3748
20840 3133
4183 29131
19100 10205
31791 7306
10937 24180
25299 26123
28914 3863
15054 13488
5168 25634
18828 8228
15138 28692
33937 38927
14581 20966
5549 30317
16865 10029
32384 26230
34490 31250
27890 32718
8743 32179
3638 13151
29036 19275
7706 17204
30097 30859
15522 30534
27168 22610
26917 15725
30518 27804
12492 25342
13378 33953
8073 36413
34168 21093
31585 25789
38715 18480
20483 34758
34184 19738
17579 2375
4199 510
1453 9385
9628 29466
37301 26396
39887 39021
3871 37470
10219 34739
29130 14738
12663 11924
27567 109
11024 39469
11868 26006
36148 37044
23207 5157
24018 25415
19675 17561
11391 35019
17531 13654
3784 13823
36145 37509
36247 31691
19314 1695
9613 27435
22599 13106
29652 32657
28868 18176
8458 21800
38989 27599
3519 14219
18850 26166
35334 32431
20435 34064
5454 13238
12495 27527
34093 31792
8038 39659
18661 1446
29365 13952
30376 6194
6307 16473
11166 7577
36072 13535
25638 28054
9141 33205
20726 20002
35031 12793
12534 14694
20278 4811
4638 19109
16559 16052
25680 2000
23608 24409
36988 38147
36326 38023
14646 20242
14185 24919
3974 13323
25727 39869
16159 20130
32915 4101
27154 33886
31615 1515
11933 1851
37965 9041
30658 34933
19854 34583
1433 19312
25486 1456
25650 31514
30198 2130
36878 1422
37366 26378
7001 24073
29969 11667
39570 18609
24923 27756
35200 9347
19793 22104
36044 1253
25261 4668
17282 34432
26927 1061
26463 11157
230 9725
27563 25661
25734 2641
26616 21268
15050 24010
5770 33302
24617 12513
24257 36522
5754 3480
17875 21997
11154 15106
8829 7573
20935 3761
31310 9702
25383 4480
38604 11077
31815 2946
13497 14000
33138 26648
33624 26027
15899 16201
37671 17446
10550 27427
11988 39145
3948 18252
24024 12048
4366 21312
25007 18181
28543 28093
36907 22801
5443 20342
32873 6746
39412 38708
15789 28069
29567 4055
19872 9233
14231 26790
5021 2327
28418 29704
35185 13950
288 13449
38134 21329
19927 33072
24406 35321
17450 1686
18414 38857
39223 13352
3432 36622
24965 15237
9872 14027
18351 10433
15813 28451
25620 36137
18372 37869
10159 31953
21851 36886
38488 6234
20312 34366
1547 7133
15109 10843
21370 34827
12737 6668
25584 3055
28828 21563
16727 8954
30333 255
11390 5426
24925 5683
36051 19386
34172 438
19078 8697
33596 22010
29091 24118
2750 39622
5231 15565
10032 10141
18563 11248
31739 28014
39243 34350
27698 14457
18620 79
11120 15601
17413 5926
15260 32604
15368 38550
12207 23727
8871 21846
26867 33401
23111 14815
8825 37186
12722 6824
18191 28042
39838 20781
35501 29966
19138 37145
25852 37020
28313 27044
31399 15647
1334 12863
14352 36729
14018 22432
31013 35908
34797 28065
6691 22280
10920 27519
28155 9023
17545 28843
24093 316
19229 13009
34202 5113
36494 20187
8111 17335
17350 1394
12479 13551
12227 4946
3444 13110
29774 2176
37439 14382
31868 20746
10340 28190
29785 39528
28511 10236
19729 1725
6146 8720
1782 36404
3796 2966
16986 32456
28627 17810
3234 39943
27408 15549
14613 39094
2795 5926
22551 35333
12004 28400
28192 8120
9100 14941
2538 39710
11304 632
24180 35490
16849 35540
605 7342
37762 1309
36712 31421
14664 2421
12521 23404
34250 2076
18428 19792
39831 30382
14455 8767
15117 10426
37984 6363
9730 24150
36755 2756
12783 27153
12077 33174
12766 32046
33552 30362
6467 33748
34154 27752
10054 5524
31514 5142
26258 27962
11344 3402
14671 25124
35047 28375
19407 19478
6636 22385
22321 10866
17872 16885
31538 34572
30544 27018
20021 5165
8055 20071
37039 36048
35516 19487
38150 7018
5928 14731
23623 35290
14496 26821
18275 25707
7530 8239
2075 10859
20808 6525
13328 13378
33436 37440
15592 23491
27029 3611
22223 1290
3846 24580
14177 20974
32128 14002
17578 35724
7456 17701
19656 15746
14072 33411
8908 20261
37558 11479
24250 3268
33364 8177
4007 11081
20077 8894
22132 17925
29102 9186
33832 22321
33361 20509
29639 28182
32904 36639
20174 20864
2485 15422
32444 21058
32858 35837
9775 24828
169 8467
26310 21904
14169 3701
4817 21743
4442 324
27159 20642
15184 2483
13854 35827
37981 12563
376 8551
7922 12574
29912 23952
33247 15050
24299 15813
14303 24218
8720 31848
5133 34119
12814 6955
9464 2153
38582 25637
32215 22151
11249 3866
11471 23529
1714 4820
11466 14305
1617 38072
34725 37288
23941 25088
23320 21037
23576 38495
4877 20753
31427 17526
28409 38286
23492 3944
16161 2539
18132 9536
21870 8914
30924 3621
28611 27628
14925 36978
28983 33038
26144 15540
33471 7013
28935 28969
31611 29274
1655 12590
27208 1785
6297 18655
8926 35204
17215 39928
20058 9372
3870 20711
19182 31651
27745 10913
7086 10151
13382 5900
24296 27926
33704 10185
21781 17340
3439 35680
19675 37072
2207 15886
12049 5306
10812 27377
20237 24441
32308 25501
11889 31387
15135 14348
17383 19971
30506 1272
24908 3655
31032 1882
2034 1657
12219 34124
30887 7475
7866 23658
39549 19826
29258 6124
21485 26468
35129 25927
27062 22250
11690 9824
20814 19147
562 9863
20057 1746
7447 29323
10550 25642
7351 7389
32200 4460
4833 20228
38226 5932
25750 14372
34651 9790
8953 25953
8999 15567
33963 12502
35444 690
35257 25043
39100 16276
34796 30549
35765 16790
21899 1021
36112 24289
18512 38206
27632 33150
30067 10626
16384 7727
1812 23154
12832 17958
39256 1221
7417 8640
361 25632
24831 34546
29190 8804
8431 30921
16915 39383
12771 30418
26290 37099
17606 28543
31065 30812
379
11138 13057
36244 21074
22224 16711
21150 1592
17032 8593
14179 38747
21477 8919
24077 20076
15205 32028
10302 21462
24427 19209
20019 6673
815 9815
29195 23319
16402 7132
3338 24138
8261 6289
10294 898
15485 37860
18031 15108
33436 31441
21536 23718
14431 30217
4673 3510
10098 28313
17779 5905
32967 6982
18864 33492
467 14648
8453 2014
34669 32229
32415 9270
826 2581
14860 34461
20325 6576
14017 8736
20954 33292
5129 8004
26494 13772
34187 4945
27673 17215
38409 36894
22108 27944
6211 15990
35343 18248
28776 36168
22275 34879
3434 7102
6679 11416
29619 8577
27629 9560
27494 38639
1267 23010
37163 15413
20851 19452
13467 31883
38730 6975
8025 27728
39842 9423
3989 38299
32405 34675
3403 8542
33920 20425
4838 8554
12686 8856
28614 9288
21956 18027
35807 145
33660 16761
29622 25280
34802 9040
14015 26291
29329 15482
35214 37744
34594 4636
14586 5671
27013 6137
33391 8197
39499 16304
449 11525
24356 6305
39529 13576
28035 16569
8184 13672
2531 14363
3270 17159
23272 7656
410 33805
23864 28105
5649 32821
33473 20680
37793 1472
23134 13187
24522 11319
39283 37161
16536 15998
19312 2283
37806 33846
17220 10421
29670 19330
18042 2362
992 17047
174 11157
5804 3796
25547 30337
3427 38576
36189 11224
229 1629
3421 29877
29985 20656
26276 28581
15691 26367
1118 38244
20683 3177
35557 22351
4318 1165
16024 4044
34980 15101
39877 1109
26726 4870
10250 26615
29550 12386
31637 22070
16541 26539
11281 22040
9751 12578
38949 2435
37345 12369
31874 11104
24208 30572
2404 7102
24241 24922
14601 21446
19884 3066
19640 32542
10476 33538
37655 7614
38779 23913
32670 3023
27762 9698
8053 16387
3849 18946
29063 32376
34738 28522
11523 33632
1313 36553
530 12893
10419 12043
5646 9743
846 19273
13102 22168
2955 31726
16659 22677
36558 26341
31286 14050
32325 12976
14477 16511
2925 31770
16111 10082
11038 2471
23899 28947
1457 10739
39092 15815
24977 28269
38927 33480
31451 21654
12438 34546
17022 2987
39469 32903
29669 5194
8171 9190
28658 27614
29334 38600
10505 9282
32066 39609
23023 533
19595 22742
22057 29801
11230 20321
3902 27677
28300 36722
28858 32926
11979 12082
26637 31969
21028 21942
22987 12966
30720 27227
28440 20689
7809 14313
5452 20809
9532 27597
38474 16306
19088 25997
13162 33472
35809 25376
21577 7317
11265 22258
28909 10010
19594 5250
7305 24947
33908 36875
27390 39464
16577 38189
13498 4449
9905 20829
35694 2581
25851 15120
5053 11742
1438 29912
21995 1923
24889 38762
16345 29785
20037 13746
38541 15987
17302 26995
29473 1526
37042 11168
4710 34133
29858 38379
1058 14381
35039 36776
27999 37434
38957 34509
4862 34980
21791 2402
8717 7009
29827 17004
24592 30382
1955 28238
35042 10797
37462 15895
8511 31905
10488 550
32949 39425
38610 26144
22053 8103
35023 5625
32409 2918
32279 5654
39512 2859
23729 10195
22464 23100
20404 27057
16982 29599
17099 20269
12662 1077
20303 9016
111 7726
20412 32106
6424 34585
19674 13579
30162 30100
9753 7267
38823 14006
20402 18387
11532 4164
25379 22940
5848 24313
27089 5737
2157 39786
20196 38938
28146 36891
18976 7022
31699 37707
2003 23738
2115 12445
25643 25830
37832 32346
3877 29738
7 33520
23881 29622
7595 24362
12140 16523
21912 21085
5603 11048
35362 26345
16695 3215
18960 5048
15154 23419
10923 9078
39666 21445
12566 15566
766 33908
30977 811
8707 5347
5258 5539
24211 34658
22599 20947
27153 27895
7309 9355
13341 23199
2255 38562
32265 19055
36490 20601
23994 1362
11378 19657
21300 29843
28830 23173
27345 15462
22255 9502
33740 22719
31169 489
8073 16467
32166 1901
14608 23879
23551 24754
2207 34078
38651 24310
39399 25917
14070 12450
7259 36649
21089 29299
7189 32678
39168 27654
32271 38281
37700 9907
31253 24210
2867 39846
4263 20855
30043 23186
3660 23748
1369 24991
34119 11246
20268 24791
1860 779
11101 15140
33556 7495
7554 11916
2086 25414
38915 27728
36037 18559
21918 14229
11028 27661
10716 20112
35262 5075
33069 15782
21209 16728
31977 37642
30563 14462
4249 14635
27722 33880
37531 30859
16845 23499
11515 30367
13351 3179
38503 18603
16553 20655
17695 34239
27212 35205
37526 16089
319 22552
30573 10131
9649 36791
4205 4145
7151 15420
1195 6378
24842 31288
19255 39186
28749 33464
14754 15958
1005 3621
16116 20484
29868 6104
20424 4243
23404 30109
24181 2227
1212 38789
31820 32029
29053 19665
30789 28895
28112 29937
4006 19993
15268 24242
11848 20947
9601 8676
12787 8519
39501 22811
16080 6304
36474 1238
9
19 30579
29368 7682
16176 8144
16137 23078
33039 10500
26874 15025
5747 39245
22119 39156
35574 12045
0