(2,5), 12
(6,9,20), 44
(197,8170), 155862
(2,4,8), 8
(88,238,287,326,538), 3844
(2,5), 12
(262,402,491,497,817), 3216
(197,8170), 155862
(433,563,720,760), 6675
(452,486,629,681,756), 4843
(23,554,636,912), 3290
(219,463,667,802,896), 8164
(659,2218,4948), 166452
(338,559,639,802), 5295
(2,46,339,897,960), 690
(177,348,802,826), 12517
(37,145,668,840,972), 4363
(30,309,374,823,970), 2351
(107,133,182,624,642), 4575
(85,145,798,884,954), 2289
(68,112,269,606,998), 3608
(1368,2862,9833), 171925
(47,74,177,762), 1519
(107,255,461,681), 4087
(144,381,394,828), 4970
(199,469,755,865), 8802
(129,192,5576), 146492
(14,84,171,356), 3505
(141,354,495,795,911), 3710
(21,98,720,876), 1595
(125,540,601,673), 9198
(221,284,386,737), 4484
(10,211,326,418,593), 4647
(37,87,257,693,941), 4329
(266,698,883,943), 4596
(141,578,635,686,782), 3718
(2,4,8), 8
(14,584,747,801), 2254
(412,659,671,857), 13040
(6,9,20), 44
(188,297,359,600,744), 1936
(582,644,820,936,953), 10678
(207,213,269,855), 3396
(343,2641,8036), 121471