4 7 27, 10 9 42, 5 9 23, 5 6 32, 5 7 8, 10 4 32, 10 8 23, 4 9 11, 4 8 10, 3 8 20, 10 6 49, 6 8 36, 6 9 9, 3 5 30, 3 6 44, 3 7 18 | 1 10
1 2 2, 1 3 3, 3 4 3, 2 4 6, 4 5 16, 3 5 7 | 1 5
1 2 3, 2 8 10, 1 9 4, 8 9 2 | 2 8
4 7 17, 4 5 27, 5 6 16, 10 6 13, 10 5 46, 10 4 46, 8 9 38, 3 8 34, 3 9 13, 6 7 10, 6 9 22, 3 5 26, 3 7 36 | 5 4
4 7 36, 4 6 14, 4 5 26, 5 9 42, 5 6 1, 5 7 36, 10 5 7, 10 4 23, 10 3 48, 8 9 39, 3 9 19, 6 7 4, 3 4 28, 6 8 10, 3 7 13 | 7 9
1 2 3, 1 7 2, 7 8 1, 1 9 4, 2 8 10, 2 3 8, 3 9 10, 3 4 7, 4 10 50, 4 5 4, 5 6 5, 6 11 2, 6 12 3, 12 11 1, 11 10 7, 10 15 10, 12 16 80, 12 17 50, 17 16 13, 16 20 20, 20 15 20, 20 19 15, 19 15 4, 14 15 2, 14 19 1, 19 18 7, 18 13 1, 13 14 2 | 8 14
1 2 3, 1 7 2, 7 8 1, 1 9 4, 2 8 10, 2 3 8, 3 9 10, 3 4 7, 4 10 50, 4 5 4, 5 6 5, 6 11 2, 6 12 3, 12 11 1, 11 10 7, 10 15 10, 12 16 80, 12 17 50, 17 16 13, 16 20 20, 20 15 20, 20 19 15, 19 15 4, 14 15 2, 14 19 1, 19 18 7, 18 13 1, 13 14 2 | 9 16
4 6 31, 8 9 48, 10 9 17, 5 8 6, 5 9 40, 5 6 2, 5 7 2, 10 5 2, 10 4 4, 10 3 8, 4 5 27, 4 9 34, 4 8 33, 3 9 1, 6 7 38, 3 4 27, 6 8 44 | 3 10
1 2 3, 1 7 2, 7 8 1, 1 9 4, 2 8 10, 2 3 8, 3 9 10, 3 4 7, 4 10 50, 4 5 4, 5 6 5, 6 11 2, 6 12 3, 12 11 1, 11 10 7, 10 15 10, 12 16 80, 12 17 50, 17 16 13, 16 20 20, 20 15 20, 20 19 15, 19 15 4, 14 15 3, 14 19 2, 19 18 7, 18 13 1, 13 14 2 | 1 20
1 2 3, 1 7 2, 7 8 1, 1 9 4, 2 8 10, 2 3 8, 3 9 10, 3 4 7, 4 10 50, 4 5 4, 5 6 5, 6 11 2, 6 12 3, 12 11 1, 11 10 7, 10 15 10, 12 16 80, 12 17 50, 17 16 13, 16 20 20, 20 15 20, 20 19 15, 19 15 4, 14 15 2, 14 19 1, 19 18 7, 18 13 1, 13 14 2 | 1 20
4 7 33, 4 6 38, 8 9 32, 10 6 25, 5 8 10, 5 9 25, 5 6 6, 6 9 12, 10 5 41, 10 3 38, 4 5 5, 3 8 23, 5 7 39, 3 4 32, 6 8 5, 3 7 39 | 6 4
4 7 9, 4 6 11, 8 9 18, 10 7 35, 10 6 17, 4 5 14, 4 9 8, 4 8 50, 3 8 43, 3 9 49, 6 7 25, 7 9 36, 5 6 38, 6 9 36, 3 5 47, 3 6 14 | 3 1
1 2 3, 2 8 10, 1 9 4, 8 9 2 | 2 8
1 2 2, 1 3 3, 3 4 3, 2 4 6, 4 5 16, 3 5 7 | 1 5
4 7 47, 4 6 27, 4 5 26, 10 9 6, 5 9 4, 10 7 5, 4 8 16, 3 8 13, 3 9 15, 7 8 2, 7 9 40, 6 9 17, 6 8 10, 3 6 2, 3 7 20 | 10 8
1 2 3, 1 7 2, 7 8 1, 1 9 4, 2 8 10, 2 3 8, 3 9 10, 3 4 7, 4 10 50, 4 5 4, 5 6 5, 6 11 2, 6 12 3, 12 11 1, 11 10 7, 10 15 10, 12 16 80, 12 17 50, 17 16 13, 16 20 20, 20 15 20, 20 19 15, 19 15 4, 14 15 2, 14 19 1, 19 18 7, 18 13 1, 13 14 2 | 16 12
1 2 3, 1 7 2, 7 8 1, 1 9 4, 2 8 10, 2 3 8, 3 9 10, 3 4 7, 4 10 50, 4 5 4, 5 6 5, 6 11 2, 6 12 3, 12 11 1, 11 10 7, 10 15 10, 12 16 80, 12 17 50, 17 16 13, 16 20 20, 20 15 20, 20 19 15, 19 15 4, 14 15 2, 14 19 1, 19 18 7, 18 13 1, 13 14 2 | 19 6