(2,3,10);(9,2,10)
(2,3,10);(2,4,11)
(1,2,3);(2,4,6);(4,5,5);(7,3,11);(9,2,14);(13,7,15);(14,3,17)
(2,22,3);(6,12,10);(15,6,21)
(1,2,6);(9,23,22);(22,6,24);(8,14,19);(23,12,30)
(3,24,4);(6,14,9);(13,2,21);(16,7,30);(29,14,39);(12,29,21);(12,28,27);(23,2,38);(47,25,57);(60,11,68);(67,16,77);(82,5,86);(56,9,69);(36,22,37);(30,27,45);(34,10,44);(49,25,56);(36,11,43);(36,28,40);(39,6,51);(49,6,57);(53,16,66);(46,15,50);(46,25,54);(50,15,61);(61,5,65);(67,17,75);(70,23,71);(62,8,77);(62,18,71);(69,8,82);(78,5,93);(91,1,101);(74,4,82);(70,29,77);(71,19,85);(81,14,92);(95,24,109);(83,12,97);(83,14,85);(92,5,96);(94,4,104);(86,7,91);(95,11,103);(97,24,106);(100,5,101);(99,21,106);(105,3,119);(118,30,124);(101,30,103);(105,7,110);(111,24,125);(134,26,137);(117,4,128);(111,7,115);(110,29,125);(118,17,132);(134,8,141);(123,14,130);(126,20,141);(123,12,124);(127,3,132);(128,24,133);(127,30,134);(132,6,133);(134,25,144);(144,10,157);(160,26,169);(170,16,177);(154,25,160);(156,17,160);(156,18,171);(153,17,158);(148,7,154);(162,28,164);(162,1,176);(163,16,165);(170,28,172);(162,29,174);(168,6,179);(179,18,182);(162,2,172);(168,11,179);(169,22,174);(168,13,171);(172,3,185);(178,29,186);(193,14,208);(178,6,180);(185,17,186)
(2,15,17);(13,28,21);(13,6,24);(22,7,28);(10,13,25);(28,20,43);(24,10,39);(14,14,16);(18,13,29);(29,30,37);(20,17,25);(27,2,35);(24,13,30);(31,28,32);(29,21,39);(36,27,47);(40,29,49);(53,6,63);(64,10,65);(62,16,66);(61,8,72);(61,27,66);(60,11,67);(52,11,58);(59,1,70);(59,18,69);(64,22,79);(72,2,79);(67,18,82);(77,3,78);(81,6,93);(79,19,85);(84,14,99);(74,3,88);(85,1,86);(81,23,87);(86,12,89);(77,21,88);(78,18,87);(80,24,86);(82,16,90);(90,7,94);(98,5,112);(113,6,128);(90,25,104);(100,16,110);(99,17,106);(96,25,105);(109,10,124);(104,3,114);(112,7,114);(113,6,115);(111,9,113);(122,8,130);(136,16,145);(132,1,139);(116,18,121);(116,10,119);(116,16,125);(126,14,131);(130,24,137);(122,9,126);(128,20,140);(148,29,162);(154,5,161);(163,1,164);(141,22,150);(139,14,147);(141,5,150);(138,28,148);(145,17,149);(148,1,150);(149,10,157);(155,29,158);(155,2,157);(150,22,153);(159,13,160);(158,11,165);(162,8,165);(161,17,163);(163,26,166);(163,3,178);(176,10,187);(190,28,193);(192,15,195);(187,13,189);(188,26,192);(185,2,198);(194,22,206);(212,5,221);(182,18,197);(190,19,202);(195,26,199);(186,9,191);(191,7,204);(201,22,211)
(3,4,18);(22,10,34);(17,23,23);(21,27,34);(20,7,30);(20,28,24);(15,28,24);(29,4,35);(21,21,26);(33,12,36);(32,7,39);(26,23,40);(36,21,45);(26,1,35);(32,7,35);(38,14,51);(41,18,43);(41,21,42);(41,11,49);(44,27,46);(40,24,51);(51,17,54);(53,4,64);(61,1,71);(65,3,79);(87,17,95);(75,21,84);(68,11,73);(57,17,62);(64,9,77);(67,1,77);(67,17,74);(80,1,81);(77,8,85);(80,13,85);(70,26,72);(73,4,83);(88,20,90);(91,27,92);(80,28,81);(80,15,94);(85,24,92);(95,30,104);(91,3,105);(108,5,112);(106,13,110);(95,1,97);(98,22,104);(110,23,124);(99,15,109);(107,12,114);(105,13,107);(106,1,110);(110,14,114);(111,11,115);(121,2,122);(125,26,129);(123,16,133);(117,1,120);(129,3,140);(122,1,137);(132,20,144);(135,12,136);(130,16,138);(139,24,142);(138,10,143);(144,14,146);(136,22,142);(143,30,154);(153,5,156);(143,1,147);(149,18,155);(146,20,159);(155,30,166);(148,23,157);(151,16,165);(166,24,181);(179,16,180);(178,18,191);(160,25,167);(160,23,166);(168,23,176);(174,9,177);(182,26,193);(183,7,189);(192,10,197);(185,9,191);(190,9,194);(187,18,192);(195,21,208);(191,18,192)
(3,21,12);(5,3,17);(16,6,28);(27,17,33);(29,11,40);(23,23,33);(25,10,38);(42,21,50);(23,13,37);(38,8,43);(28,25,32);(25,12,30);(24,7,26);(30,13,36);(31,17,44);(41,29,56);(57,10,65);(66,26,79);(52,23,60);(45,6,51);(53,3,67);(70,1,79);(67,20,79);(73,11,74);(55,15,70);(76,26,82);(68,11,75);(54,17,55);(63,23,66);(62,1,71);(72,4,78);(76,20,80);(65,19,72);(80,4,88);(82,21,94);(78,16,81);(72,6,83);(80,23,82);(86,11,99);(87,1,89);(86,26,100);(82,27,89);(87,18,94);(86,7,95);(92,12,104);(93,24,105);(98,20,109);(98,30,110);(105,12,108);(106,5,107);(104,28,105);(111,30,122);(112,28,126);(123,9,136);(137,5,138);(145,18,147);(136,12,141);(146,28,158);(121,11,129);(119,15,124);(124,16,131);(127,8,142);(132,21,141);(138,4,141);(138,11,152);(142,25,143);(133,11,147);(146,2,149);(153,20,165);(148,14,157);(153,22,165);(155,27,156);(151,21,152);(157,4,169);(168,20,178);(166,24,177);(158,12,164);(157,7,164);(166,23,179);(160,5,166);(169,8,173);(165,26,172);(170,22,174);(166,9,171);(168,15,182);(175,13,189);(190,15,199);(198,22,211);(188,5,201);(199,28,202)
(1,12,11);(6,6,18);(5,18,13);(9,15,15);(9,3,15);(11,22,23);(14,30,15);(19,26,21);(25,20,39);(24,3,29);(24,16,29);(39,20,49);(42,9,51);(57,22,71);(38,7,45);(30,18,36);(42,8,43);(49,8,64);(53,12,68);(59,23,64);(48,16,59);(51,4,58);(48,6,50);(47,4,58);(59,29,67);(53,11,58);(58,29,66);(64,25,73);(79,23,92);(87,22,89);(76,17,82);(70,8,73);(67,9,76);(74,24,77);(68,7,73);(79,30,94);(86,14,92);(85,11,88);(82,28,97);(95,9,109);(92,21,101);(94,10,107);(97,26,109);(98,16,106);(97,12,98);(100,2,108);(106,29,121);(95,13,106);(98,24,104);(103,8,109);(104,12,107);(107,29,121);(109,14,122);(114,29,116);(114,21,128);(128,26,134);(136,15,141);(121,28,123);(125,2,133);(137,24,151);(146,21,151);(130,15,137);(136,3,141);(132,9,139);(136,20,149);(130,24,131);(132,11,136);(139,5,144);(136,2,149);(143,16,157);(160,14,161);(153,20,165);(171,8,183);(183,14,195);(157,13,158);(163,20,169);(164,11,173);(155,21,166);(161,14,170);(167,21,168);(170,13,178);(184,1,189);(190,19,197);(186,11,200);(182,19,189);(175,7,190);(190,26,194);(187,26,188);(182,8,193);(193,15,196);(190,13,191);(184,9,186)
(2,24,16);(13,27,22);(19,16,32);(9,9,22);(21,13,26);(20,25,28);(23,10,31);(30,11,31);(24,20,25);(23,4,36);(32,10,37);(34,1,44);(34,29,48);(34,25,42);(28,24,32);(32,28,33);(35,17,39);(39,1,48);(50,2,64);(65,25,71);(54,25,55);(44,25,57);(55,11,59);(58,22,65);(50,29,52);(53,17,63);(54,13,67);(69,18,73);(67,11,69);(70,2,81);(73,29,75);(83,26,86);(77,11,87);(68,10,78);(78,18,83);(79,22,82);(77,10,90);(83,24,85);(83,1,84);(85,7,91);(90,21,105);(106,1,116);(98,13,102);(100,5,108);(107,24,109);(105,4,116);(120,19,129);(117,6,132);(132,18,136);(106,25,109);(115,3,120);(120,13,124);(124,15,129);(136,15,149);(137,26,143);(149,21,155);(137,16,150);(128,26,133);(118,23,121);(120,5,122);(123,30,125);(123,8,131);(134,10,137);(144,11,158);(131,28,137);(130,22,145);(146,5,151);(134,13,142);(139,26,144);(139,19,145);(152,28,163);(145,22,153);(157,29,165);(167,3,169);(172,5,182);(190,15,192);(167,12,171);(159,6,160);(163,21,172);(171,5,172);(164,2,168);(172,27,181);(170,10,185);(171,26,181);(179,7,185);(170,24,181);(182,7,191);(174,2,188);(183,28,193);(187,20,190);(186,1,196);(183,10,185);(189,6,204)
(2,20,9);(5,17,14);(9,28,23);(21,1,23);(9,30,19);(20,10,25);(22,12,35);(33,8,44);(42,14,46);(34,8,35);(30,3,32);(31,22,43);(25,19,39);(26,26,35);(33,10,34);(39,11,42);(37,30,41);(36,16,49);(50,9,51);(46,4,59);(51,30,53);(50,12,65);(44,6,49);(54,16,68);(59,13,69);(52,29,55);(54,13,57);(58,20,66);(67,13,78);(83,26,88);(73,12,79);(64,16,68);(65,24,70);(71,11,76);(74,5,87);(70,10,78);(85,17,94);(88,5,98);(81,21,89);(85,11,91);(89,22,92);(82,25,84);(85,21,86);(87,28,93);(91,27,104);(106,27,121);(118,25,131);(128,6,130);(96,29,102);(112,1,126);(109,17,111);(115,13,128);(124,9,132);(133,4,144);(121,11,125);(119,29,125);(119,7,120);(121,10,133);(118,12,130);(126,30,140);(140,22,153);(151,19,152);(130,17,143);(135,8,142);(137,16,143);(151,26,158);(160,6,174);(155,2,163);(151,4,152);(147,30,149);(142,12,152);(151,7,164);(153,10,161);(158,3,166);(159,19,174);(153,15,159);(166,27,168);(167,7,174);(168,17,175);(171,23,183);(183,27,185);(174,7,180);(175,21,187);(180,28,190);(191,5,204);(192,10,203);(193,26,204);(181,11,195);(198,13,199);(193,8,197);(185,27,197);(195,3,197);(195,21,207);(201,23,213);(189,24,201);(195,7,196);(197,28,209)
(1,17,9);(16,14,25);(18,1,20);(12,12,16);(15,30,24);(12,19,23);(16,4,29);(28,26,29);(32,12,33);(30,21,44);(25,28,34);(34,16,37);(34,1,42);(27,26,28);(29,20,37);(40,11,42);(41,11,52);(39,30,54);(40,22,46);(39,18,50);(45,3,52);(60,6,73);(65,20,73);(62,22,72);(76,28,78);(54,14,67);(59,7,71);(65,22,72);(56,1,69);(74,4,87);(69,27,78);(84,30,90);(64,14,78);(75,26,89);(85,20,86);(70,27,74);(74,10,81);(78,14,82);(86,8,94);(96,18,101);(86,26,93);(87,16,92);(86,30,97);(97,21,101);(99,19,110);(105,10,106);(93,6,97);(95,21,98);(99,7,101);(106,28,113);(110,29,121);(102,8,103);(105,21,113);(117,6,130);(120,12,125);(114,1,126);(130,22,142);(135,9,146);(119,17,122);(123,27,129);(126,5,139);(126,24,131);(127,30,131);(126,9,139);(147,20,152);(140,14,148);(141,3,156);(155,23,161);(165,8,171);(146,18,151);(147,6,160);(153,16,166);(155,26,160);(169,3,179);(158,6,160);(159,18,170);(178,25,181);(159,24,162);(167,11,174);(174,18,187);(181,25,183);(164,11,170);(167,1,178);(167,1,174);(169,20,179);(186,22,192);(185,18,198);(192,2,200);(176,26,187);(184,3,185);(192,6,204);(196,19,197);(199,18,209);(201,20,203);(190,6,197)
(2,22,3)
(1,26,7);(7,16,19);(16,7,19);(9,23,20);(14,17,28);(20,9,24);(25,29,26);(26,2,33);(31,29,34);(22,10,25);(27,27,33);(35,27,39);(42,17,43);(40,27,55);(29,17,38);(36,28,49);(32,14,45);(46,7,61);(66,3,79);(60,23,75);(47,3,57);(56,15,58);(52,15,58);(56,19,64);(71,10,77);(83,30,86);(74,19,76);(65,16,71);(71,7,72);(73,14,77);(73,11,84);(63,6,65);(65,24,70);(68,18,69);(68,1,82);(78,10,81);(84,28,85);(84,30,92);(76,1,80);(79,27,86);(82,12,97);(99,25,105);(94,21,107);(98,21,104);(89,13,101);(99,27,101);(101,21,106);(100,19,107);(100,20,107);(109,15,124);(100,20,103);(103,3,117);(109,18,112);(109,16,116);(113,30,114);(115,16,121);(117,25,126);(133,22,142);(137,17,138);(128,6,135);(128,7,140);(136,22,146);(125,5,133);(136,9,143);(144,9,155);(132,28,137);(139,11,140);(143,4,156);(156,16,166);(166,23,168);(148,5,154);(157,25,163);(154,30,166);(155,2,170);(160,6,166);(159,5,164);(171,26,181);(163,3,169);(179,13,185);(162,2,167);(173,24,184);(172,21,174);(175,12,176);(168,28,175);(176,20,180);(183,7,198);(185,30,199);(199,6,202);(176,2,187);(190,6,198)
(3,24,17);(7,5,13);(7,11,16);(20,16,27);(20,19,35);(33,18,47);(19,17,22);(26,25,32);(35,16,45);(36,22,45);(30,12,45);(44,28,59);(56,18,68);(41,24,48);(29,4,31);(37,16,46);(36,20,47);(42,8,49);(49,10,60);(54,1,64);(63,19,64);(62,5,77);(49,19,61);(61,22,75);(76,1,88);(63,30,77);(78,23,84);(85,29,96);(88,26,103);(95,8,108);(62,6,65);(62,28,74);(75,17,82);(80,30,81);(86,5,96);(80,7,81);(84,17,86);(87,19,97);(90,24,94);(82,10,92);(87,27,93);(82,11,91);(87,3,90);(87,27,92);(92,13,93);(93,14,104);(107,26,121);(117,27,119);(116,12,120);(128,29,139);(133,28,139);(112,20,121);(128,27,136);(120,23,126);(113,26,119);(114,20,126);(131,6,139);(126,27,128);(118,30,131);(129,19,143);(126,28,133);(140,15,148);(153,1,163);(164,28,177);(138,20,146);(138,11,150);(143,21,154);(159,29,166);(138,20,139);(140,9,145);(148,11,153);(149,21,155);(159,21,170);(168,11,183);(148,19,156);(157,3,171);(153,27,168);(154,12,159);(156,28,168);(164,15,173);(171,10,174);(170,25,182);(187,12,188);(192,1,194);(189,21,199);(188,14,192);(184,18,193);(175,28,185);(181,2,193);(187,15,190);(195,10,197);(192,9,200);(186,10,194);(190,29,197);(199,3,206);(203,18,208);(205,9,212);(201,6,205);(205,3,212)
(1,9,11);(15,18,24);(18,23,24);(27,5,31);(10,12,12);(17,20,27);(17,6,23);(19,8,32);(26,14,28);(19,5,34);(34,25,35);(22,7,24);(26,3,36);(30,9,35);(37,10,52);(50,27,56);(34,9,48);(42,12,53);(53,20,68);(42,28,56);(60,5,69);(61,14,72);(57,19,58);(48,8,49);(50,10,51);(52,27,58);(59,14,67);(63,18,75);(68,18,81);(82,29,95);(98,21,105);(98,19,110);(111,20,121);(73,12,87);(79,23,89);(92,27,93);(90,20,104);(98,9,102);(83,26,90);(83,20,92);(89,17,97);(94,18,99);(91,22,103);(94,25,100);(95,19,110);(96,20,103);(101,27,104);(103,25,105);(106,12,109);(104,13,119);(120,24,125);(104,1,109);(108,12,123);(125,28,137);(128,10,134);(133,10,134);(112,6,117);(123,18,134);(120,2,132);(123,19,124);(120,22,128);(128,6,134);(142,18,146);(150,1,157);(135,15,138);(141,9,152);(146,11,151);(160,18,171);(141,15,143);(139,4,149);(146,2,154);(157,24,167);(166,22,175);(156,26,158);(151,23,163);(157,23,170);(162,28,176);(154,20,160);(161,4,173);(174,22,184);(186,4,201);(198,4,205);(165,28,170);(172,15,177);(178,19,183);(191,29,192);(173,19,182);(178,3,183);(180,21,187);(183,19,189);(197,7,209);(213,25,216);(194,3,199);(195,27,206);(192,25,201);(207,24,208)
(3,1,16);(10,18,15);(13,3,20);(15,3,30);(13,7,26);(20,30,27);(29,26,38);(23,14,29);(29,2,30);(23,26,29);(22,24,33);(40,11,52);(61,11,75);(63,24,71);(58,6,63);(30,7,35);(32,2,35);(36,16,39);(49,23,52);(39,4,53);(53,20,64);(45,17,50);(45,13,52);(55,11,65);(54,4,59);(52,7,57);(63,22,71);(68,26,74);(59,8,72);(71,29,76);(64,4,79);(63,13,66);(71,27,77);(69,19,76);(73,21,88);(95,22,108);(99,9,101);(80,20,86);(78,25,82);(87,25,89);(90,26,91);(83,8,92);(86,19,98);(101,21,106);(90,26,97);(98,17,105);(105,8,117);(125,23,138);(124,15,129);(102,29,105);(100,24,104);(107,17,110);(111,15,120);(111,11,122);(116,7,128);(114,19,118);(113,29,126);(128,4,129);(124,2,133);(132,15,133);(134,25,139);(141,14,145);(124,4,127);(128,10,131);(136,8,151);(142,29,150);(150,5,151);(149,18,151);(147,9,158);(160,8,173);(149,19,153);(155,15,161);(160,27,166);(171,15,184);(154,16,163);(150,7,164);(158,26,172);(173,16,175);(157,1,163);(160,17,161);(164,16,173);(168,23,179);(173,1,183);(172,19,180);(186,16,191);(188,6,194);(174,22,176);(176,4,178);(176,2,189);(199,3,201);(188,26,193);(194,26,204);(187,27,195);(190,21,195);(198,14,205);(199,13,210);(214,16,222)
(1,23,4);(5,28,10);(15,6,26);(13,18,16);(12,28,20);(20,29,21);(24,22,30);(35,23,44);(35,17,42);(47,22,53);(43,28,46);(44,9,57);(38,30,44);(35,4,42);(38,1,53);(49,13,60);(58,7,59);(65,19,67);(74,6,84);(38,3,53);(54,28,57);(55,25,67);(57,3,72);(58,18,60);(52,13,63);(57,13,62);(54,28,63);(54,6,68);(60,26,69);(71,14,72);(79,27,88);(76,2,85);(70,4,81);(68,24,81);(77,14,80);(78,6,83);(72,5,82);(82,14,88);(83,28,97);(83,13,98);(83,18,90);(85,26,97);(100,20,115);(102,21,107);(104,1,105);(96,7,105);(95,29,110);(113,22,123);(101,25,105);(105,18,111);(101,15,103);(108,16,121);(118,5,126);(124,25,135);(115,9,127);(112,20,117);(114,3,121);(121,30,135);(132,17,135);(119,2,126);(123,27,125);(126,8,133);(127,2,139);(144,9,157);(158,28,163);(143,21,156);(147,17,155);(143,9,155);(149,25,156);(158,28,159);(160,25,169);(167,2,178);(174,6,187);(154,13,158);(157,8,161);(155,26,163);(160,29,162);(159,19,173);(166,12,169);(167,30,175);(182,8,188);(196,25,210);(209,27,222);(226,13,232);(227,3,238);(170,23,176);(175,14,190);(183,30,198);(180,27,194);(180,26,183);(184,19,191)
(3,27,4);(13,10,16);(15,1,26);(22,27,35);(20,1,21);(18,30,26);(26,7,32);(28,21,39);(41,17,45);(34,18,46);(48,10,58);(50,11,64);(64,12,70);(55,3,63);(51,14,58);(51,2,66);(45,9,48);(35,17,37);(41,18,56);(60,25,72);(64,26,66);(43,23,45);(46,5,47);(46,14,55);(52,9,56);(55,7,67);(69,3,80);(76,29,83);(64,14,77);(85,9,89);(81,23,87);(90,19,97);(81,23,95);(84,23,94);(80,5,88);(80,16,87);(78,4,92);(87,26,94);(88,25,89);(87,23,101);(92,13,105);(83,29,86);(84,19,99);(90,26,105);(88,6,93);(97,16,99);(100,17,101);(104,22,114);(120,7,127);(121,1,125);(109,2,118);(126,15,132);(136,18,138);(144,4,149);(123,8,132);(128,20,132);(134,8,138);(123,1,134);(138,16,147);(147,4,153);(139,4,143);(125,23,135);(126,9,135);(136,9,149);(145,22,152);(157,15,169);(166,18,179);(178,14,179);(175,26,177);(141,10,144);(143,20,144);(147,14,149);(147,7,154);(157,15,166);(176,23,191);(191,11,193);(177,7,183);(188,8,193);(193,3,202);(167,2,179);(166,22,169);(175,27,177);(172,23,181);(168,24,181);(174,2,175);(176,22,179);(174,15,183);(186,26,192);(191,26,205);(207,9,222);(189,26,204);(200,2,210)
(1,2,3); (2,4,6); (4,5,5); (7,3,11); (9,2,14); (13,7,15); (14,3,17)
(1,10,9);(4,24,5);(9,4,12);(14,2,20);(19,15,27);(33,17,46);(14,13,28);(15,25,25);(22,23,30);(36,1,44);(51,26,63);(22,18,36);(40,28,48);(28,15,29);(32,23,44);(33,2,40);(42,6,54);(53,19,56);(61,28,65);(38,19,45);(41,13,42);(44,22,47);(51,16,55);(56,30,70);(62,20,68);(51,21,61);(59,8,65);(57,20,67);(57,16,63);(70,8,76);(75,18,87);(95,10,101);(80,26,92);(68,8,77);(79,11,84);(74,9,86);(89,19,93);(92,2,102);(97,28,111);(79,21,85);(83,24,97);(89,7,103);(101,4,107);(89,3,92);(97,12,99);(92,7,95);(100,8,115);(116,19,125);(105,25,112);(106,6,112);(119,20,124);(103,3,108);(104,12,118);(110,7,112);(110,28,118);(115,3,124);(130,1,135);(122,30,131);(127,21,140);(143,12,148);(136,4,148);(143,21,145);(149,25,160);(133,11,147);(150,8,163);(166,8,180);(136,8,150);(151,29,158);(136,2,139);(138,28,148);(150,18,153);(143,9,157);(148,27,161);(162,24,175);(179,18,187);(172,27,184);(178,28,185);(187,15,200);(206,30,208);(166,23,180);(160,28,174);(170,30,174);(173,17,183);(181,18,192);(177,14,190);(174,11,181);(178,9,186);(182,19,184);(176,22,184);(188,13,189);(184,20,193)
(1,20,10);(7,1,15);(12,1,14);(6,24,9);(12,5,15);(13,18,23);(13,12,26);(20,22,22);(26,7,30);(23,27,24);(28,24,35);(23,12,25);(25,7,37);(26,25,30);(30,29,34);(33,23,47);(36,1,47);(49,16,63);(43,25,44);(39,16,46);(43,13,58);(64,1,79);(63,3,69);(70,8,82);(57,20,70);(51,10,54);(52,19,55);(57,19,63);(58,28,63);(63,10,69);(75,26,77);(67,15,82);(81,7,95);(103,15,118);(107,21,108);(101,26,107);(90,30,96);(96,23,100);(99,7,113);(85,23,99);(102,7,104);(85,2,90);(88,20,102);(95,8,109);(102,23,108);(108,15,109);(92,9,97);(104,27,110);(103,25,108);(109,21,111);(107,28,114);(116,13,127);(106,12,110);(114,15,115);(109,10,110);(110,14,120);(118,13,131);(130,12,144);(116,14,121);(121,14,123);(123,3,130);(128,4,143);(140,2,151);(146,4,158);(155,12,168);(171,16,174);(169,10,181);(151,11,164);(139,3,148);(144,19,157);(153,21,160);(163,25,173);(156,25,158);(146,8,152);(160,22,164);(151,25,156);(155,12,160);(161,3,169);(167,29,172);(159,16,161);(162,4,168);(164,20,170);(168,10,174);(174,24,178);(178,17,185);(188,2,198);(199,6,211);(203,26,212);(218,18,223);(204,13,216);(188,12,197);(190,16,203);(185,30,194);(197,30,204);(193,13,199);(207,24,219);(201,7,202);(207,27,222)
(3,20,17);(6,12,17);(22,16,24);(15,11,17);(16,1,29);(12,13,23);(17,3,23);(21,12,32);(20,10,25);(21,17,36);(31,26,32);(23,5,29);(25,15,32);(32,1,39);(36,25,46);(41,6,52);(47,24,48);(41,16,45);(41,21,46);(49,11,57);(43,18,47);(46,9,50);(49,23,58);(57,8,69);(52,21,54);(61,23,74);(76,20,83);(89,3,101);(100,5,101);(93,28,103);(72,6,78);(73,14,85);(70,27,77);(75,20,90);(95,6,100);(97,20,104);(103,24,110);(112,26,118);(119,9,120);(105,22,110);(97,5,105);(90,28,92);(98,10,99);(95,29,101);(107,18,113);(100,6,106);(103,14,108);(102,18,107);(105,28,111);(99,16,102);(101,4,109);(116,25,120);(109,24,115);(107,25,115);(108,18,113);(110,3,117);(114,23,123);(116,20,124);(126,15,141);(124,10,133);(120,26,128);(127,4,134);(136,11,149);(137,16,151);(130,10,144);(133,18,146);(137,17,148);(153,8,157);(158,9,168);(176,11,186);(162,29,176);(160,20,167);(148,9,151);(152,14,164);(150,22,151);(151,17,155);(152,13,153);(154,18,164);(163,9,177);(166,29,180);(187,7,200);(163,30,170);(170,14,175);(172,10,174);(171,22,176);(185,13,187);(176,19,177);(175,24,186);(178,7,189);(178,14,182);(189,18,204);(208,30,222);(229,30,244);(227,3,237)
(3,27,10);(5,15,12);(13,8,16);(12,27,26);(26,27,27);(13,3,18);(23,18,32);(37,9,48);(47,1,56);(18,19,33);(33,10,48);(33,27,36);(26,7,36);(32,15,38);(30,6,38);(36,7,43);(43,27,54);(52,1,63);(43,8,50);(38,1,40);(43,4,56);(57,4,69);(70,7,71);(63,29,76);(75,13,87);(53,29,68);(57,13,61);(59,23,74);(61,3,76);(77,9,86);(82,30,83);(78,11,83);(91,11,103);(95,11,99);(74,7,79);(73,3,80);(89,18,97);(96,9,98);(106,12,107);(100,6,109);(98,18,110);(83,21,96);(100,9,110);(91,4,96);(91,14,95);(99,19,112);(105,22,109);(108,8,112);(112,10,116);(110,9,118);(116,17,122);(105,13,120);(105,26,120);(111,8,116);(115,24,119);(114,7,120);(114,11,119);(120,10,135);(136,19,142);(135,5,141);(134,10,148);(152,9,158);(127,22,141);(146,1,149);(156,23,170);(137,3,140);(134,29,148);(148,4,153);(151,28,158);(159,13,161);(144,2,147);(149,29,160);(150,23,162);(146,30,159);(148,28,161);(150,24,160);(158,30,165);(154,25,164);(172,27,181);(179,1,192);(180,7,185);(184,17,188);(164,8,179);(188,24,190);(192,3,206);(203,1,210);(197,6,198);(185,24,193);(194,21,195);(194,9,203);(191,9,201);(196,10,204);(195,1,199);(195,25,198);(198,19,199);(197,17,205);(193,5,194);(198,8,199);(200,25,213)
(3,9,12);(16,21,31);(34,1,35);(26,20,37);(11,20,12);(15,8,30);(14,17,15);(18,3,29);(17,2,19);(29,15,43);(43,19,45);(43,16,55);(39,11,41);(32,23,35);(44,22,58);(32,7,47);(48,8,55);(44,3,59);(61,15,70);(72,10,75);(40,17,47);(42,5,45);(45,20,56);(52,29,67);(56,23,70);(63,4,78);(55,11,68);(75,7,82);(70,16,78);(70,3,81);(61,4,76);(78,8,82);(82,25,83);(80,23,83);(71,5,84);(75,27,87);(77,26,91);(84,5,99);(94,18,109);(105,24,108);(92,3,96);(88,3,100);(100,29,112);(109,24,112);(91,12,99);(93,20,102);(101,15,116);(103,30,109);(98,19,110);(103,9,107);(102,25,115);(118,3,121);(111,19,113);(122,21,136);(136,18,147);(135,23,139);(134,28,139);(121,11,132);(138,17,144);(141,22,149);(120,17,128);(131,14,145);(130,5,138);(135,6,138);(138,10,146);(134,20,137);(143,25,149);(143,2,150);(147,10,154);(143,7,154);(157,29,166);(170,1,173);(153,12,168);(162,3,176);(152,29,158);(156,15,167);(170,28,179);(173,2,175);(179,8,190);(166,9,174);(165,27,175);(171,16,178);(176,10,191);(185,22,196);(171,14,184);(183,14,197);(190,25,197);(180,28,193);(186,15,191);(187,17,195);(197,13,212);(195,24,207);(201,17,215);(201,18,216);(189,28,199);(191,13,201);(199,15,210);(214,13,218);(198,16,204);(203,24,206)
(3,26,13);(5,28,16);(21,13,25);(28,5,33);(12,10,26);(17,19,28);(34,16,38);(37,30,47);(50,12,60);(64,28,66);(42,19,55);(53,27,61);(47,24,54);(30,1,33);(32,30,36);(37,16,48);(34,26,40);(38,10,48);(38,23,43);(42,12,54);(48,25,63);(48,12,60);(67,25,70);(60,14,68);(54,17,64);(65,21,74);(59,30,60);(62,5,77);(74,18,78);(86,28,98);(90,17,93);(93,19,107);(73,10,83);(74,21,76);(85,16,99);(97,15,105);(83,27,87);(85,11,100);(87,2,98);(99,4,104);(103,23,112);(104,22,105);(108,26,110);(107,29,119);(88,1,92);(93,11,95);(94,5,105);(96,14,103);(100,13,112);(108,10,120);(104,11,108);(105,1,119);(110,9,123);(127,10,139);(112,29,116);(111,2,122);(125,20,138);(146,3,153);(138,16,147);(137,13,139);(140,5,155);(147,13,155);(127,9,128);(129,7,133);(129,22,138);(135,24,140);(141,10,150);(151,8,159);(152,13,155);(140,21,146);(140,5,145);(146,15,150);(147,8,158);(152,7,158);(160,30,172);(151,4,158);(162,22,172);(158,18,172);(172,20,181);(171,4,186);(179,30,180);(174,11,179);(165,26,178);(170,30,180);(183,4,190);(190,13,202);(183,3,197);(192,22,202);(193,5,196);(199,23,209);(193,20,196);(190,18,204);(195,5,205);(187,23,191);(193,8,205);(195,7,205)
(1,3,8);(3,11,6);(6,8,15);(17,3,32);(17,28,20);(16,19,29);(26,5,27);(24,27,35);(30,15,39);(21,8,36);(33,1,44);(25,11,39);(31,28,44);(53,26,60);(52,25,53);(52,12,64);(59,13,66);(56,25,70);(61,15,64);(73,15,79);(79,19,91);(45,6,55);(48,1,57);(61,27,67);(51,6,61);(55,9,64);(57,2,65);(70,30,71);(69,23,79);(66,25,68);(69,10,83);(88,21,91);(81,23,93);(99,3,105);(83,4,89);(91,20,101);(97,14,99);(104,22,117);(104,30,107);(110,19,123);(116,14,130);(125,16,127);(114,9,122);(97,4,107);(103,20,104);(111,11,116);(96,16,98);(104,28,112);(99,18,109);(110,8,119);(107,10,118);(121,7,133);(138,12,142);(126,16,131);(125,15,139);(134,5,138);(148,1,154);(140,24,150);(123,17,132);(131,16,140);(122,17,130);(135,4,139);(136,18,144);(132,10,143);(140,2,152);(156,8,158);(159,2,166);(170,15,182);(140,24,146);(150,2,153);(140,6,153);(155,1,159);(148,12,149);(146,2,152);(157,26,158);(163,14,178);(165,22,178);(177,2,184);(165,19,170);(173,28,178);(160,26,166);(165,21,175);(173,22,178);(184,4,191);(183,23,191);(174,21,187);(183,7,189);(178,1,189);(186,8,195);(180,11,190);(184,19,194);(201,1,202);(194,27,204);(209,23,215);(196,21,197);(192,27,194)
(3,16,16);(17,16,31);(25,10,37);(22,7,24);(18,30,20);(11,23,23);(21,10,30);(21,1,35);(42,28,49);(18,20,20);(21,7,25);(25,20,26);(30,27,34);(28,18,36);(29,16,37);(41,8,50);(47,13,53);(54,8,56);(49,30,60);(62,26,72);(79,2,88);(88,8,97);(98,18,105);(67,28,76);(48,19,58);(50,1,54);(52,29,63);(68,30,80);(83,12,85);(68,29,83);(74,21,80);(78,29,86);(78,24,83);(68,13,73);(74,21,86);(80,8,82);(81,4,85);(86,27,87);(90,27,92);(80,26,95);(100,25,101);(84,23,94);(95,1,110);(108,14,112);(119,10,134);(93,13,95);(98,1,113);(102,18,106);(110,2,123);(102,7,108);(109,22,117);(117,24,121);(115,14,121);(112,24,113);(109,30,124);(113,3,126);(124,25,125);(114,3,116);(117,16,128);(118,18,132);(122,9,134);(132,9,137);(141,9,154);(157,22,165);(145,19,158);(152,19,158);(136,20,143);(138,14,144);(137,10,145);(138,28,145);(147,22,162);(164,20,178);(148,10,157);(159,4,164);(174,17,185);(160,11,167);(162,7,177);(156,1,167);(156,2,168);(172,24,179);(168,17,177);(176,10,188);(193,22,204);(183,19,184);(179,22,185);(181,5,186);(181,15,185);(179,28,194);(196,3,198);(197,1,199);(199,10,207);(209,17,210);(214,10,218);(213,18,217)
(3,16,15);(15,8,16);(15,28,26);(6,24,16);(14,30,18);(20,23,35);(25,15,27);(23,10,33);(26,15,35);(25,30,29);(23,19,31);(24,26,35);(36,27,39);(39,24,52);(52,20,53);(46,26,60);(46,24,54);(45,6,53);(56,17,61);(55,22,65);(57,30,67);(55,27,63);(57,15,70);(49,26,55);(57,3,62);(55,26,60);(55,4,62);(63,3,64);(63,9,66);(71,26,86);(76,27,91);(71,26,79);(73,20,76);(74,22,82);(81,26,95);(73,26,74);(72,9,83);(74,24,80);(83,19,88);(81,11,95);(83,30,86);(91,29,96);(100,8,106);(109,28,110);(88,14,101);(90,9,92);(92,21,95);(95,1,100);(102,12,110);(106,20,108);(110,23,123);(130,11,142);(121,24,127);(109,8,118);(121,12,125);(127,20,140);(146,27,147);(133,16,138);(119,5,132);(124,5,127);(125,12,130);(130,26,137);(141,13,144);(128,17,137);(137,6,148);(157,20,163);(132,2,133);(135,4,149);(150,9,159);(140,13,148);(153,6,155);(156,25,165);(156,13,170);(166,29,175);(155,26,156);(151,24,165);(163,18,172);(162,16,169);(164,24,171);(171,30,180);(160,29,162);(163,14,174);(169,12,183);(172,28,186);(186,18,193);(191,16,193);(198,2,200);(197,17,208);(192,8,207);(207,6,210);(186,26,201);(200,20,206);(193,14,202);(188,10,192)
(1,6,16);(10,13,23);(27,27,33);(8,18,18);(13,30,27);(29,11,30);(23,23,27);(17,8,26);(27,16,36);(27,10,40);(35,11,44);(29,12,39);(28,8,35);(30,26,44);(31,19,33);(37,20,39);(33,22,43);(47,28,52);(46,24,60);(58,13,61);(59,5,62);(52,1,54);(50,4,65);(66,23,74);(59,11,64);(58,2,69);(58,13,62);(71,29,81);(73,21,83);(69,5,70);(62,2,63);(63,24,74);(66,27,69);(71,29,86);(75,16,77);(74,6,76);(77,22,85);(85,6,92);(81,29,94);(99,5,100);(100,5,113);(95,7,97);(85,12,91);(87,10,90);(92,5,98);(98,17,101);(96,16,100);(94,21,99);(102,15,112);(106,10,110);(109,27,115);(107,29,109);(106,26,118);(119,28,124);(113,30,116);(121,2,123);(118,21,131);(132,3,143);(119,19,124);(118,9,131);(125,12,131);(134,14,143);(149,22,152);(145,26,151);(152,25,166);(136,5,148);(140,9,147);(138,27,142);(136,23,141);(146,22,152);(149,14,153);(142,21,151);(157,2,160);(159,7,172);(172,28,183);(160,21,163);(173,20,178);(179,5,180);(171,5,183);(176,24,184);(186,10,191);(193,26,207);(206,3,218);(182,25,189);(184,12,187);(182,2,188);(173,26,175);(175,27,189);(178,22,182);(182,18,190);(184,20,199);(201,13,208);(198,10,207);(187,17,197);(205,11,206)
(3,18,5);(11,7,12);(4,1,8);(10,26,20);(11,6,13);(10,28,22);(16,14,20);(15,6,20);(17,18,24);(20,13,22);(27,22,29);(23,14,25);(28,1,37);(40,2,53);(56,15,60);(64,13,76);(48,20,49);(52,25,57);(39,17,53);(55,17,59);(57,29,59);(49,24,60);(46,15,50);(47,2,57);(54,6,69);(51,5,64);(64,14,67);(60,21,70);(63,26,75);(70,13,80);(62,23,74);(65,25,68);(64,24,71);(78,17,90);(77,19,89);(71,2,80);(80,26,85);(89,13,100);(87,5,102);(101,17,105);(85,29,97);(97,24,106);(88,3,102);(102,25,109);(109,8,120);(116,27,121);(122,22,134);(109,14,121);(96,20,111);(111,26,122);(117,22,132);(123,20,127);(132,16,143);(145,26,156);(114,1,127);(127,22,142);(142,15,149);(133,7,145);(141,5,154);(151,23,159);(149,1,162);(126,16,135);(137,20,146);(139,21,154);(142,13,148);(153,30,155);(137,21,142);(142,18,151);(157,15,163);(170,14,178);(155,26,159);(158,30,170);(156,5,169);(149,11,155);(148,22,156);(152,26,155);(157,18,164);(160,25,168);(165,17,167);(162,4,170);(160,13,170);(164,20,177);(184,5,197);(168,28,178);(171,18,185);(186,23,197);(173,8,186);(188,11,199);(188,8,203);(203,10,213);(219,24,232);(203,26,205);(208,1,223);(193,2,201);(198,15,201);(202,9,215);(200,20,214);(198,3,205);(200,15,202);(205,8,218)
(3,29,16);(6,14,18);(20,7,33);(26,12,39);(17,19,26);(20,15,35);(18,27,21);(24,17,28);(16,1,21);(26,1,29);(34,5,42);(36,2,43);(34,20,46);(48,2,61);(35,30,36);(35,28,40);(47,6,50);(41,9,44);(36,7,40);(42,16,56);(46,14,54);(46,3,57);(55,27,66);(56,16,60);(53,27,62);(71,29,76);(56,23,58);(64,7,65);(74,26,77);(78,18,84);(89,16,98);(64,12,66);(72,7,84);(88,26,91);(69,25,80);(82,29,89);(85,8,97);(100,13,111);(90,22,101);(90,26,99);(99,12,105);(108,8,119);(88,19,91);(100,22,102);(96,24,106);(98,27,110);(102,9,105);(107,24,116);(108,1,122);(119,4,134);(106,5,112);(104,22,114);(115,5,117);(113,14,115);(108,25,121);(115,11,117);(121,19,122);(116,23,117);(116,5,130);(126,5,130);(134,12,138);(147,20,155);(151,1,156);(155,4,163);(152,9,156);(137,10,147);(145,8,150);(153,28,168);(141,29,147);(146,17,152);(149,16,153);(154,14,167);(145,24,153);(154,11,169);(156,22,161);(166,19,169);(157,18,166);(162,11,167);(164,16,171);(162,15,164);(163,24,166);(165,5,174);(165,14,167);(168,25,169);(176,11,182);(184,18,198);(174,3,179);(179,30,182);(177,10,188);(189,24,197);(187,1,200)
(2,12,21); (3,10,12)
(3,20,5);(6,10,21);(6,21,16);(6,29,12);(15,25,25);(15,2,27);(26,8,35);(27,6,31);(30,4,43);(21,27,36);(27,22,36);(34,13,40);(33,21,41);(44,3,48);(53,10,55);(39,26,40);(34,19,48);(45,9,55);(41,26,54);(45,1,60);(47,8,53);(47,2,57);(48,24,62);(59,2,62);(51,21,63);(65,23,71);(74,10,78);(56,28,69);(69,28,82);(74,16,80);(65,5,70);(62,1,68);(68,27,74);(71,27,75);(68,26,70);(71,19,77);(74,15,77);(79,19,86);(76,25,83);(86,27,91);(94,30,106);(99,14,106);(91,12,98);(87,21,101);(88,12,90);(92,22,107);(93,26,101);(99,17,101);(96,11,102);(99,6,104);(101,16,113);(103,26,116);(108,13,110);(112,20,114);(118,18,125);(119,17,123);(115,8,130);(114,18,117);(120,14,131);(130,3,134);(135,27,139);(125,10,129);(129,9,143);(139,11,145);(145,30,151);(155,9,160);(140,10,147);(149,9,151);(143,6,154);(147,17,151);(141,24,152);(145,8,146);(152,22,160);(150,24,153);(159,26,170);(172,9,174);(160,10,166);(169,30,179);(160,26,172);(163,24,170);(161,1,174);(168,18,178);(176,27,181);(168,4,178);(180,16,192);(191,12,205);(176,10,179);(174,24,180);(179,12,192);(180,3,184);(182,15,184);(189,10,190);(187,20,202);(187,28,191);(190,22,193);(192,20,207);(207,13,212);(202,27,210)
(1,7,15);(7,7,11);(12,21,17);(9,23,23);(16,30,29);(30,25,35);(31,7,32);(19,9,33);(34,30,44);(26,25,40);(24,24,27);(24,27,26);(27,26,39);(39,24,53);(39,2,48);(37,15,38);(41,1,48);(48,18,51);(52,19,57);(43,5,58);(43,14,46);(44,15,53);(45,4,54);(51,21,60);(55,7,67);(57,6,68);(70,9,81);(66,15,76);(56,12,64);(67,3,72);(68,24,75);(64,6,65);(66,1,76);(82,18,89);(92,26,102);(78,7,81);(79,20,84);(82,20,85);(87,22,88);(82,8,94);(92,15,107);(87,11,96);(103,24,112);(104,27,111);(109,1,112);(114,13,124);(116,12,128);(113,4,121);(115,27,116);(106,7,115);(114,17,123);(114,30,122);(115,29,128);(122,13,129);(130,27,141);(112,28,118);(113,17,126);(128,5,141);(131,14,135);(130,9,142);(130,21,136);(129,8,137);(139,28,141);(128,14,140);(144,24,157);(142,14,146);(148,3,155);(157,2,159);(154,20,166);(145,3,151);(155,22,163);(154,14,161);(159,8,164);(163,30,171);(165,23,173);(176,7,183);(189,17,193);(197,13,199);(176,10,180);(160,29,161);(164,29,167);(164,23,175);(180,23,190);(198,11,212);(201,2,208);(182,20,186);(182,19,197);(185,24,200);(201,15,213);(187,5,194);(185,18,194);(183,16,186)
(3,18,7);(3,20,10);(9,5,22);(11,26,21);(18,8,22);(16,3,31);(30,19,39);(39,26,43);(19,17,29);(23,6,37);(42,11,47);(27,26,38);(34,3,48);(35,9,49);(35,18,40);(45,10,59);(39,4,41);(38,1,43);(47,6,59);(58,14,66);(61,28,68);(54,20,69);(58,6,73);(60,14,69);(49,21,59);(54,7,69);(72,24,82);(78,26,80);(86,10,91);(58,20,73);(77,4,83);(68,7,69);(66,22,74);(73,23,76);(75,15,81);(88,15,89);(87,1,95);(79,16,91);(86,20,99);(102,25,117);(89,4,91);(84,10,94);(89,21,95);(91,5,95);(96,23,106);(98,14,104);(105,5,115);(98,24,107);(115,12,124);(112,24,121);(113,8,117);(107,10,112);(107,28,119);(115,1,121);(122,29,125);(114,9,126);(120,12,123);(129,5,136);(135,24,148);(140,28,145);(126,28,141);(123,4,132);(126,14,138);(139,25,152);(138,4,142);(149,3,157);(148,6,156);(154,8,158);(158,27,161);(149,3,152);(143,20,154);(143,20,157);(146,4,149);(156,14,159);(148,2,159);(160,19,163);(156,5,166);(154,9,166);(156,27,169);(163,7,175);(177,11,184);(170,17,174);(170,25,181);(178,3,179);(182,16,193);(177,30,190);(182,18,188);(180,4,191);(192,24,195);(188,18,193)
(3,28,14);(13,6,15);(14,1,18);(16,22,27);(24,15,35);(35,6,49);(17,4,32);(18,14,33);(17,22,27);(19,16,24);(23,21,36);(23,8,31);(32,25,35);(31,16,32);(29,14,44);(42,29,57);(43,6,46);(39,1,48);(54,27,56);(49,2,61);(51,23,57);(45,14,55);(52,8,62);(66,27,68);(64,9,72);(65,20,73);(60,18,71);(78,11,83);(79,20,83);(60,9,69);(71,1,81);(75,7,81);(90,19,104);(111,9,120);(99,8,108);(90,21,100);(83,12,86);(78,3,82);(83,6,92);(82,23,96);(91,25,92);(93,1,105);(97,28,104);(109,27,114);(99,22,107);(100,5,102);(102,21,106);(109,21,116);(123,6,138);(103,15,113);(102,19,107);(115,6,128);(121,3,129);(120,19,129);(122,28,133);(120,17,123);(122,6,131);(132,25,140);(135,25,139);(138,16,142);(133,7,137);(140,29,148);(129,9,144);(139,18,144);(133,15,145);(150,29,165);(167,9,173);(155,20,170);(162,4,163);(140,29,153);(147,11,150);(145,30,156);(151,6,159);(153,28,164);(152,14,166);(168,13,170);(165,13,170);(172,25,177);(178,10,187);(177,15,190);(180,12,186);(177,17,191);(185,17,193);(183,23,190);(172,23,183);(187,24,197);(173,22,178);(180,22,184);(179,28,189);(178,28,191);(191,10,192);(183,24,194);(195,10,210);(206,21,207)
(2,30,13);(4,3,13);(15,11,29);(29,28,35);(29,4,44);(34,26,47);(34,25,43);(19,16,21);(26,2,37);(18,25,28);(28,14,40);(46,6,59);(47,18,56);(55,7,70);(41,9,52);(46,10,51);(36,26,50);(46,25,61);(41,6,43);(43,1,55);(50,22,59);(46,28,48);(52,11,67);(70,29,80);(58,2,66);(61,17,75);(73,9,74);(82,5,97);(58,1,59);(68,13,71);(67,16,76);(75,29,87);(66,7,77);(78,21,93);(83,14,85);(88,7,101);(89,26,104);(76,10,88);(78,26,81);(79,9,89);(97,2,106);(100,28,103);(98,19,108);(98,24,106);(90,7,101);(94,7,104);(92,21,98);(98,12,113);(114,8,119);(100,19,106);(108,20,122);(104,14,115);(111,30,117);(113,17,125);(119,13,129);(114,27,121);(129,1,136);(127,11,131);(134,8,135);(138,30,147);(133,8,134);(139,12,152);(152,6,156);(157,24,161);(142,21,155);(131,21,132);(135,12,147);(137,3,146);(137,14,146);(151,15,166);(149,23,161);(163,29,168);(147,23,148);(148,16,161);(168,23,169);(156,28,157);(154,26,167);(161,23,174);(157,28,163);(168,9,169);(169,22,175);(164,19,167);(166,14,180);(172,16,179);(181,12,191);(196,20,198);(199,5,210);(184,21,191);(184,1,197);(182,2,191);(196,15,200);(187,14,200)
(1,16,3);(6,8,19);(9,17,14);(7,7,14);(12,1,20);(12,5,22);(14,18,18);(14,24,15);(16,2,25);(31,23,46);(39,24,44);(30,4,32);(24,16,36);(30,21,38);(34,2,47);(33,16,44);(33,24,37);(34,14,48);(38,21,51);(49,23,51);(42,21,56);(42,13,47);(49,29,58);(50,19,53);(48,27,59);(51,28,64);(58,6,73);(74,19,77);(82,19,86);(75,15,89);(64,11,78);(65,10,74);(68,4,76);(70,8,82);(86,22,96);(82,19,90);(77,30,89);(88,24,91);(76,6,88);(78,2,87);(85,28,93);(92,3,106);(89,1,96);(86,7,98);(94,20,104);(112,19,115);(95,28,102);(108,24,118);(117,16,131);(115,18,119);(106,21,112);(110,21,118);(118,13,126);(131,12,133);(137,23,141);(148,5,152);(151,4,160);(142,15,157);(145,17,156);(137,4,152);(121,1,135);(140,21,151);(136,18,138);(138,7,143);(138,18,148);(154,15,161);(140,12,152);(143,29,146);(137,7,148);(140,26,153);(145,30,153);(143,5,154);(154,30,169);(166,16,168);(169,8,184);(167,16,174);(161,22,164);(163,26,165);(165,28,177);(170,17,174);(174,10,185);(163,10,178);(173,22,180);(183,10,186);(173,12,185);(180,21,186);(184,5,197);(187,5,193);(176,24,179);(179,13,183);(183,1,194);(197,16,199);(195,14,209);(206,6,209);(195,20,207)
(2,4,11);(12,15,21);(9,20,15);(16,2,29);(9,3,22);(12,6,18);(24,12,26);(14,16,22);(24,14,36);(32,8,36);(31,12,41);(31,16,37);(44,2,55);(31,21,46);(32,29,43);(34,18,39);(35,13,50);(38,14,47);(38,27,41);(41,9,44);(47,1,62);(52,17,66);(56,14,71);(58,7,69);(60,16,73);(69,10,74);(63,14,71);(69,19,81);(81,5,84);(78,15,83);(88,5,99);(90,19,100);(105,25,118);(77,20,80);(80,29,95);(79,24,92);(92,19,97);(84,11,96);(101,13,111);(113,19,119);(81,28,95);(85,12,88);(91,16,102);(110,3,115);(106,8,108);(93,13,106);(92,6,102);(101,21,105);(105,6,113);(109,9,123);(121,22,126);(128,28,142);(127,25,133);(139,22,142);(136,28,144);(150,16,153);(121,9,135);(119,17,129);(125,11,132);(124,8,137);(123,21,130);(134,19,137);(139,14,150);(146,15,157);(128,1,129);(134,30,137);(138,9,140);(147,10,156);(137,27,143);(140,12,142);(146,21,158);(158,6,166);(149,1,162);(152,13,155);(153,17,168);(168,23,169);(154,5,157);(163,14,172);(158,26,163);(160,3,169);(176,15,177);(165,10,177);(180,19,194);(190,27,202);(168,4,175);(172,15,178);(184,12,193);(201,13,209);(206,17,216);(193,12,195);(200,11,210);(187,30,198);(190,27,201);(196,20,201);(201,8,215);(221,3,224)
(2,13,5);(6,18,20);(14,30,29);(28,27,36);(11,30,17);(12,19,20);(13,17,25);(15,28,19);(19,1,20);(19,29,25);(34,17,44);(27,27,31);(36,18,40);(28,14,37);(46,7,52);(44,8,59);(40,10,49);(51,17,60);(49,15,50);(46,29,55);(48,14,62);(63,18,69);(66,9,73);(64,16,75);(64,5,66);(69,29,75);(62,3,64);(56,8,62);(57,24,65);(65,15,80);(81,16,91);(84,8,85);(65,20,71);(74,21,77);(73,1,75);(72,8,80);(76,20,89);(78,16,86);(88,28,95);(93,22,101);(88,25,97);(88,12,94);(86,29,91);(91,9,97);(98,24,105);(92,21,105);(94,7,103);(97,4,107);(99,3,103);(98,8,99);(104,12,115);(114,27,119);(122,6,133);(134,1,143);(151,11,158);(137,29,138);(139,14,149);(139,9,141);(125,27,133);(127,18,142);(134,11,145);(151,20,157);(153,11,158);(155,23,169);(150,8,160);(146,5,160);(158,18,173);(172,27,176);(141,27,150);(144,13,154);(146,16,161);(147,13,151);(144,11,148);(157,26,160);(149,22,150);(153,15,164);(156,18,166);(162,15,176);(174,10,187);(175,29,186);(178,1,181);(162,13,164);(166,19,176);(182,6,183);(169,11,170);(172,25,183);(179,15,180);(179,14,186);(176,9,178);(178,17,191);(189,18,192);(190,27,196);(196,1,201);(194,13,206);(191,13,195);(194,20,200);(192,26,195)
(3,2,4);(4,27,14);(20,16,27);(31,12,33);(24,14,32);(11,5,12);(20,19,25);(19,17,28);(23,1,36);(28,21,40);(24,11,36);(23,3,38);(27,30,33);(35,1,38);(40,28,47);(49,27,51);(37,17,47);(56,16,62);(60,29,68);(59,7,61);(54,6,67);(75,14,89);(62,11,73);(47,27,62);(65,12,72);(58,23,60);(60,21,62);(65,25,70);(67,28,73);(70,22,78);(63,23,70);(66,8,74);(71,3,85);(82,15,83);(73,22,76);(72,15,82);(83,30,84);(76,27,85);(86,29,88);(87,25,95);(102,11,115);(113,5,127);(92,4,106);(102,7,112);(115,19,122);(124,5,128);(92,20,106);(105,29,109);(105,11,119);(98,21,112);(110,23,122);(106,23,118);(111,11,114);(106,5,110);(108,5,122);(118,6,121);(116,17,126);(124,12,125);(121,19,130);(126,28,140);(140,30,148);(138,9,143);(136,14,150);(130,30,141);(133,24,137);(132,23,137);(138,9,151);(154,30,158);(156,27,168);(150,18,158);(147,29,158);(143,13,150);(154,20,156);(153,10,166);(155,18,157);(150,29,160);(169,3,173);(172,16,186);(179,15,190);(186,24,195);(179,18,182);(164,29,168);(171,21,179);(166,28,180);(181,16,182);(179,21,183);(174,6,184);(177,22,183);(182,17,194);(190,26,203);(188,6,193);(184,11,187);(185,27,188);(186,6,201);(197,25,212);(198,30,209);(214,16,216);(213,16,219)
(2,14,4);(5,23,12);(7,28,14);(13,27,21);(14,4,26);(15,16,26);(13,23,15);(14,13,20);(23,6,33);(31,5,35);(37,25,48);(47,10,55);(52,5,65);(57,26,70);(50,3,60);(35,29,42);(39,1,43);(40,10,41);(38,2,51);(42,18,51);(56,28,63);(46,25,47);(50,2,54);(51,28,64);(69,15,71);(66,23,78);(60,4,68);(57,23,71);(68,26,76);(76,24,87);(82,3,93);(70,22,74);(74,12,76);(71,9,72);(75,17,80);(84,18,95);(79,27,81);(75,10,83);(76,23,78);(78,10,80);(82,13,89);(87,19,91);(87,8,90);(90,29,98);(100,7,107);(108,20,110);(98,5,108);(109,18,121);(120,5,134);(126,13,131);(113,8,116);(113,8,126);(104,10,108);(109,17,124);(117,8,127);(129,7,137);(116,2,131);(125,27,132);(123,2,127);(123,15,124);(120,23,125);(122,23,128);(126,6,134);(135,20,142);(144,1,148);(138,21,141);(136,9,151);(137,1,143);(145,6,157);(143,26,155);(160,13,170);(176,21,180);(183,5,195);(165,26,180);(165,7,167);(162,2,168);(155,13,160);(158,10,163);(161,6,172);(158,30,159);(161,28,164);(163,4,178);(183,18,198);(171,1,186);(174,13,182);(181,21,196);(189,26,204);(208,20,215);(221,18,234);(221,9,229);(204,19,219);(211,4,218);(213,19,225);(187,7,202);(198,15,201);(200,23,201);(205,27,206);(197,29,212);(202,21,211);(204,22,208)
(3,19,7);(11,6,19);(15,20,22);(6,4,17);(20,17,28);(35,22,47);(24,13,31);(32,7,40);(32,15,44);(39,5,52);(39,21,49);(50,16,63);(55,26,56);(53,7,62);(37,3,49);(37,26,46);(37,2,39);(45,7,53);(37,29,40);(38,24,49);(49,30,64);(60,28,72);(69,20,83);(75,13,82);(75,23,89);(75,22,81);(82,25,90);(58,22,63);(63,21,73);(74,2,83);(65,16,68);(65,16,67);(65,4,66);(66,6,76);(70,22,85);(82,10,92);(92,13,98);(80,28,94);(78,25,82);(80,11,85);(95,14,98);(83,13,92);(88,28,95);(104,18,109);(99,11,103);(104,17,117);(92,4,95);(99,7,111);(96,18,109);(106,19,110);(105,27,113);(109,18,113);(105,15,106);(107,21,110);(113,12,128);(118,4,122);(119,11,134);(132,17,137);(137,30,149);(137,12,150);(140,2,151);(131,28,137);(141,27,147);(135,14,139);(145,28,158);(155,19,159);(162,8,171);(178,2,187);(156,16,166);(141,3,155);(160,23,162);(149,24,162);(156,3,166);(148,7,149);(156,3,169);(162,25,177);(157,11,166);(155,12,159);(159,4,164);(163,30,165);(170,30,172);(176,30,191);(187,6,197);(168,21,172);(168,14,176);(171,2,183);(184,19,193);(187,14,195);(189,21,196);(192,14,203);(190,20,205);(202,22,217);(216,30,228);(194,15,209);(189,28,192)