1 2 1 | 2 3 2 | 3 1 3
1 2 2 | 2 3 2 | 3 4 2 | 4 1 2 | 2 4 3
1 2 1 | 2 4 3 | 4 3 7 | 3 6 9 | 5 6 6 | 6 7 4 | 7 8 2 | 8 1 1
1 2 1 | 2 4 3 | 4 3 7 | 3 6 9 | 5 6 6 | 6 7 4 | 7 8 2 | 8 1 1 | 8 2 13 | 1 6 2 | 7 4 5 | 1 3 3 | 2 3 5
2 4 3 | 8 7 8 | 1 10 1 | 3 2 6 | 2 7 2 | 4 10 6 | 3 2 8 | 3 2 3 | 5 1 7 | 4 6 5 | 1 3 6 | 10 2 2 | 3 8 10 | 6 10 9 | 2 5 5
4 10 7 | 5 6 8 | 7 6 7 | 4 5 5 | 5 2 6 | 10 2 4 | 9 1 8 | 7 6 8 | 1 7 9 | 10 2 6 | 8 10 9 | 9 6 3 | 9 3 5 | 10 4 2 | 6 1 7
4 5 6 | 3 8 8 | 8 4 6 | 6 9 8 | 7 8 1 | 10 2 9 | 2 4 10 | 8 9 6 | 7 2 7 | 8 7 10 | 1 6 1 | 8 1 1 | 4 10 6 | 4 6 4 | 2 10 1
2 4 2 | 1 3 9 | 1 6 6 | 7 3 10 | 1 5 7 | 7 9 8 | 5 10 1 | 5 10 10 | 5 9 2 | 8 5 3 | 6 1 8 | 10 9 3 | 8 4 4 | 9 5 6 | 9 3 9
8 3 2 | 3 10 9 | 3 6 5 | 9 2 1 | 5 1 8 | 7 1 8 | 7 5 4 | 4 7 7 | 10 6 3 | 2 6 8 | 9 3 1 | 7 4 8 | 4 1 1 | 2 10 3 | 5 9 6
2 9 1 | 9 4 1 | 7 3 7 | 9 6 3 | 2 6 10 | 8 7 7 | 2 6 10 | 10 2 5 | 7 1 4 | 7 10 3 | 4 6 10 | 4 9 1 | 9 3 6 | 2 10 4 | 9 3 10
8 1 2 | 7 2 3 | 8 7 6 | 7 4 5 | 3 7 10 | 4 7 10 | 3 7 3 | 10 3 10 | 9 6 6 | 5 10 1 | 8 2 8 | 7 1 10 | 6 7 7 | 1 10 8 | 8 2 2
4 6 8 | 7 9 5 | 3 1 7 | 8 5 7 | 3 10 5 | 6 1 5 | 9 6 8 | 7 9 4 | 7 3 5 | 7 8 5 | 1 3 2 | 4 1 6 | 5 1 4 | 10 1 3 | 2 6 7
3 5 10 | 5 9 5 | 7 9 1 | 1 7 10 | 5 4 9 | 6 10 4 | 10 8 6 | 9 6 10 | 1 3 4 | 7 2 1 | 3 7 7 | 9 1 2 | 7 8 6 | 10 5 10 | 6 10 5
4 1 4 | 4 8 9 | 8 2 6 | 9 3 7 | 10 7 2 | 6 1 4 | 4 9 9 | 3 6 7 | 1 2 8 | 6 5 3 | 9 5 5 | 1 9 3 | 6 8 6 | 6 5 3 | 10 1 7
47 50 227 | 37 26 224 | 15 8 483 | 1 40 617 | 40 24 75 | 32 47 247 | 48 8 955 | 4 28 393 | 15 47 69 | 3 30 447 | 39 26 266 | 6 34 891 | 31 27 572 | 18 3 800 | 21 2 900 | 38 41 907 | 37 45 528 | 24 25 603 | 16 39 735 | 28 5 139 | 8 34 784 | 40 37 147 | 2 11 70 | 6 28 667 | 33 49 93 | 30 49 834 | 5 31 184 | 13 23 305 | 19 7 322 | 7 26 887 | 16 4 218 | 42 15 766 | 4 44 936 | 22 2 289 | 8 26 662 | 42 20 955 | 9 47 311 | 44 30 873 | 34 11 120 | 46 20 592 | 21 26 958 | 18 27 18 | 48 2 11 | 46 2 834 | 8 31 192 | 4 17 307 | 21 42 345 | 43 26 973 | 44 49 417 | 24 21 339 | 41 43 804 | 22 35 909 | 4 9 934 | 25 39 98 | 11 16 459 | 40 21 965 | 27 24 82 | 23 45 706 | 29 4 893 | 25 50 542 | 13 30 286 | 19 20 256 | 5 24 75 | 46 48 611 | 11 33 274 | 16 27 495 | 40 11 179 | 47 5 331 | 34 21 972 | 35 49 599 | 1 14 800 | 13 15 158 | 27 5 823 | 33 18 702 | 41 32 236 | 27 49 718 | 37 4 732 | 3 31 423 | 40 26 56 | 5 14 756 | 41 23 722 | 34 44 516 | 11 38 423 | 17 40 937 | 36 8 754 | 4 11 42 | 29 34 523 | 13 42 791 | 37 16 903 | 5 1 365 | 20 33 841 | 15 21 582 | 23 19 446 | 10 17 897 | 37 25 192 | 28 33 145 | 37 33 529 | 33 36 745 | 36 49 582 | 21 27 11 | 12 41 538 | 19 9 136 | 2 8 791 | 5 10 181 | 36 19 867 | 33 39 683 | 23 24 398 | 24 12 481 | 36 41 487 | 45 42 700 | 34 46 899 | 36 1 845 | 9 30 686 | 27 42 400 | 29 43 49 | 21 25 457 | 28 23 718 | 25 15 311 | 28 22 429 | 41 42 15 | 19 15 887 | 10 36 641 | 19 14 528 | 20 35 678 | 45 10 366 | 20 49 842 | 12 29 927 | 49 28 359 | 6 26 222 | 37 30 398 | 43 48 464 | 49 13 859 | 12 28 681 | 17 13 178 | 9 45 779 | 1 39 114 | 26 49 794 | 3 39 10 | 38 7 801 | 38 8 324 | 47 21 390 | 3 13 955 | 44 19 876 | 3 9 547 | 32 48 121 | 20 30 926 | 15 38 2 | 46 28 266 | 4 26 972 | 45 14 741 | 29 40 482 | 19 41 552 | 12 23 621 | 2 31 450 | 4 42 152 | 50 26 23 | 38 50 993 | 29 8 19 | 14 18 295 | 29 30 436 | 46 24 529 | 18 19 906 | 30 5 844 | 20 37 52 | 37 34 987 | 21 43 344 | 18 13 676 | 17 45 322 | 16 49 645 | 3 48 355 | 37 18 667 | 35 13 14 | 50 4 137 | 28 15 460 | 6 31 249 | 26 10 158 | 44 17 719 | 10 31 80 | 9 37 417 | 45 18 937
3 1 3 | 7 1 7 | 9 6 8 | 8 2 6 | 2 9 3 | 2 3 5 | 7 8 3 | 8 10 9 | 7 3 3 | 6 4 4 | 2 5 10 | 6 8 1 | 9 2 4 | 1 6 9 | 7 10 10
38 8 35 | 3 28 539 | 40 6 67 | 25 5 27 | 33 22 110 | 34 11 102 | 3 5 264 | 7 6 269 | 13 35 25 | 17 24 509 | 19 35 130 | 19 37 635 | 32 38 968 | 37 8 153 | 17 14 75 | 12 33 317 | 35 17 76 | 38 7 55 | 20 4 484 | 14 36 48 | 25 26 264 | 13 10 272 | 39 25 856 | 31 35 643 | 39 17 766 | 16 6 775 | 25 20 494 | 4 7 242 | 7 26 665 | 21 32 146 | 24 15 331 | 20 9 581 | 35 37 346 | 26 37 866 | 40 30 789 | 23 34 472 | 20 14 162 | 40 8 337 | 34 37 936 | 7 13 679 | 7 18 273 | 34 35 119 | 8 25 424 | 32 37 17 | 12 30 409 | 36 9 891 | 9 7 83 | 10 36 552 | 18 31 174 | 33 32 270 | 11 10 271 | 25 31 146 | 4 16 302 | 36 39 925 | 12 17 358 | 12 36 33 | 19 23 89 | 31 38 364 | 5 31 949 | 1 32 569 | 10 4 815 | 4 38 679 | 24 23 618 | 26 15 86 | 21 10 952 | 12 8 534 | 32 13 46 | 40 29 196 | 10 12 197 | 4 2 356 | 13 15 686 | 6 20 97 | 20 17 563 | 28 8 912 | 18 28 360 | 30 6 874 | 3 29 579 | 31 27 20 | 17 26 344 | 36 2 69 | 33 40 34 | 9 4 782 | 16 26 612 | 20 21 1000 | 14 13 479 | 36 1 751 | 5 40 949 | 31 37 413 | 29 6 919 | 36 23 554 | 4 36 948 | 6 25 373 | 30 11 186 | 19 30 702 | 22 10 233 | 10 17 811 | 3 22 587 | 34 4 181 | 38 5 970 | 17 9 942 | 3 20 176 | 34 40 823 | 34 26 167 | 32 17 938 | 32 23 117 | 21 13 754 | 8 32 239 | 21 17 11 | 3 21 696 | 11 3 506 | 30 31 70 | 21 23 263 | 39 24 951 | 24 30 382 | 18 23 453 | 28 22 581 | 4 26 419 | 5 26 588 | 9 16 651 | 16 21 70 | 36 37 944 | 3 26 118 | 5 8 250 | 13 31 292 | 29 26 105 | 38 33 111 | 2 35 330 | 11 22 908 | 17 33 603 | 4 33 297
6 10 10 | 3 10 5 | 10 9 7 | 3 4 4 | 8 5 6 | 10 4 7 | 3 10 3 | 4 6 2 | 5 9 10 | 6 4 6 | 10 4 7 | 7 10 6 | 8 4 7 | 2 6 1 | 2 6 5
14 37 775 | 3 13 422 | 19 34 114 | 26 17 801 | 10 21 46 | 34 32 521 | 10 9 327 | 13 34 118 | 5 29 360 | 17 4 855 | 11 6 38 | 33 30 75 | 1 3 35 | 32 37 263 | 28 5 417 | 38 33 956 | 35 18 401 | 40 23 552 | 2 9 7 | 20 21 881 | 28 10 867 | 20 31 120 | 31 18 564 | 8 30 516 | 15 30 351 | 4 8 154 | 33 2 523 | 35 12 606 | 1 5 807 | 20 36 700 | 2 16 157 | 7 35 222 | 17 31 525 | 10 14 395 | 4 15 477 | 17 13 739 | 5 10 845 | 31 12 191 | 23 5 156 | 9 16 264 | 18 2 354 | 13 12 344 | 10 38 417 | 11 2 373 | 10 34 983 | 16 28 119 | 16 15 99 | 35 29 879 | 28 24 939 | 39 15 934 | 4 9 471 | 2 13 518 | 13 36 272 | 28 35 206 | 34 31 577 | 15 8 501 | 11 14 559 | 28 17 773 | 14 40 947 | 20 28 363 | 6 4 627 | 27 1 575 | 28 13 866 | 32 5 176 | 35 37 405 | 1 36 402 | 35 31 980 | 38 12 538 | 6 8 829 | 7 16 712 | 10 39 771 | 29 1 554 | 38 13 605 | 40 29 235 | 33 27 336 | 26 5 881 | 25 20 649 | 36 40 221 | 31 26 267 | 2 8 422 | 26 36 79 | 27 31 750 | 12 29 180 | 36 14 969 | 38 40 527 | 13 14 561 | 26 10 409 | 4 14 964 | 14 18 608 | 7 32 737 | 1 18 210 | 40 12 753 | 10 24 495 | 37 17 661 | 13 26 90 | 19 7 62 | 6 7 830 | 17 24 756 | 20 5 916 | 4 31 605 | 38 34 444 | 22 31 92 | 2 5 7 | 8 23 271 | 30 26 723 | 34 40 100 | 18 17 604 | 3 21 664 | 25 2 426 | 22 23 773 | 39 24 110 | 18 30 354 | 1 11 526 | 34 37 536 | 37 39 429 | 12 33 708 | 34 8 550 | 21 29 812 | 28 33 500 | 30 31 330 | 1 19 152 | 4 30 991 | 18 16 139 | 30 32 916 | 14 30 605 | 3 18 605 | 27 24 900 | 28 26 616 | 36 10 888 | 22 39 637
74 53 101 | 13 21 281 | 6 39 529 | 72 20 825 | 48 11 959 | 34 14 492 | 63 67 463 | 35 47 455 | 50 42 852 | 49 19 968 | 15 60 92 | 27 32 53 | 55 57 302 | 49 59 46 | 67 8 514 | 25 61 982 | 6 16 748 | 70 55 866 | 15 35 327 | 31 75 722 | 56 58 472 | 72 68 270 | 5 41 923 | 45 51 971 | 15 56 369 | 64 39 252 | 69 70 775 | 54 29 885 | 40 38 926 | 9 45 967 | 18 67 667 | 63 26 608 | 16 28 950 | 6 33 565 | 24 67 82 | 36 17 475 | 12 27 900 | 26 74 364 | 53 42 179 | 69 65 537 | 31 63 891 | 50 5 132 | 9 25 89 | 66 48 291 | 64 36 697 | 56 40 490 | 8 10 463 | 50 24 755 | 25 71 42 | 53 34 792 | 37 33 454 | 22 34 250 | 4 6 881 | 28 24 38 | 59 17 714 | 61 28 877 | 59 47 982 | 59 42 128 | 75 73 545 | 43 38 900 | 21 75 527 | 53 67 330 | 17 25 187 | 54 62 367 | 64 61 639 | 27 17 548 | 16 39 777 | 67 39 203 | 19 61 859 | 21 19 833 | 4 46 865 | 41 73 99 | 50 73 875 | 12 48 528 | 51 20 137 | 43 33 240 | 35 3 424 | 60 52 899 | 71 11 972 | 24 44 674 | 22 39 789 | 14 27 135 | 56 65 257 | 26 7 232 | 65 74 934 | 56 20 599 | 14 40 742 | 10 2 804 | 66 38 305 | 55 69 531 | 6 52 640 | 63 21 429 | 4 41 834 | 38 60 274 | 16 62 259 | 28 21 449 | 35 43 329 | 60 31 436 | 13 64 469 | 36 67 271 | 68 36 730 | 25 52 614 | 4 70 99 | 39 27 469 | 72 1 913 | 10 18 577 | 30 52 577 | 39 43 267 | 72 25 3 | 31 27 50 | 18 29 406 | 28 1 659 | 16 49 405 | 4 63 484 | 71 62 294 | 19 11 679 | 62 50 991 | 62 63 459 | 26 1 23 | 63 12 594 | 23 69 163 | 1 40 604 | 29 64 371 | 50 32 29 | 53 47 735 | 12 22 182 | 6 26 691 | 66 58 290 | 63 28 833 | 67 29 723 | 60 3 949 | 17 57 411 | 1 62 286 | 11 57 354 | 69 68 310 | 59 31 671 | 20 31 182 | 23 13 704 | 36 48 608 | 13 2 619 | 72 35 571 | 74 64 545 | 27 16 260 | 64 18 853 | 23 28 498 | 40 29 533 | 10 12 469 | 1 15 85 | 17 62 828 | 35 41 717 | 47 56 785 | 15 52 241 | 33 71 561 | 26 23 683 | 55 28 355 | 24 41 632 | 61 10 598 | 71 3 492 | 9 40 440 | 8 47 438 | 33 64 157 | 46 7 789 | 64 15 26 | 70 21 41 | 60 44 284 | 12 50 731 | 12 55 605 | 40 3 962 | 75 64 177 | 60 6 628 | 46 26 466 | 25 66 421 | 15 62 266 | 62 64 425 | 46 69 52 | 73 33 783 | 26 10 257 | 13 70 426 | 18 38 928 | 52 44 997 | 15 68 804 | 15 44 573 | 51 50 998 | 65 75 872 | 38 12 70 | 14 15 333 | 44 26 153 | 14 54 749 | 29 25 602 | 19 56 794 | 66 1 329 | 12 26 925 | 57 9 257 | 47 24 685 | 37 65 927 | 32 53 706 | 69 21 429 | 40 60 340 | 2 75 255 | 66 63 794 | 75 6 176 | 33 66 342 | 15 29 58 | 23 54 509 | 67 46 742 | 20 47 257 | 15 28 515 | 14 69 890 | 51 7 210 | 57 50 960 | 27 25 941 | 47 66 647 | 38 25 461 | 8 20 309 | 71 69 176 | 44 43 858 | 5 49 535 | 45 43 708 | 48 72 880 | 56 22 40 | 5 28 485 | 52 74 347 | 17 72 459 | 26 51 493 | 73 5 39 | 10 69 125 | 42 74 79 | 5 68 998 | 50 1 280 | 39 60 370 | 23 21 405 | 50 31 694 | 61 2 489 | 70 73 236 | 62 45 463 | 27 45 545 | 40 7 918 | 19 7 918 | 49 40 714 | 42 58 732 | 48 15 1 | 50 33 748 | 6 51 54 | 74 45 992 | 12 14 438 | 58 35 2 | 60 16 493 | 75 53 777 | 13 24 225 | 58 10 897 | 43 26 48 | 10 24 882 | 24 31 31 | 55 51 369 | 38 33 135 | 39 41 477 | 70 36 128 | 27 72 687 | 3 13 589 | 7 71 853 | 11 73 840 | 53 73 488 | 26 52 583 | 50 47 781 | 26 69 191 | 4 59 159 | 42 10 960 | 19 60 231 | 49 1 557 | 19 54 247 | 25 56 615 | 58 51 540 | 40 20 247 | 42 46 207 | 43 27 996 | 12 35 848 | 17 65 769 | 62 26 692 | 58 59 86 | 42 45 469 | 73 7 45 | 6 10 93 | 13 71 320 | 21 57 252 | 33 58 644 | 11 23 82 | 27 6 759 | 43 20 53 | 72 30 453 | 10 65 78 | 63 17 109 | 71 68 873 | 35 51 207 | 14 51 693 | 27 64 306 | 62 72 255 | 72 18 206 | 47 32 822 | 62 39 141 | 41 21 26 | 46 68 160 | 26 36 458 | 22 61 103 | 38 37 675 | 43 9 139 | 51 63 499 | 12 64 510 | 10 67 950 | 38 23 235 | 51 53 656 | 4 49 7 | 9 12 36 | 33 46 856 | 54 18 432 | 34 63 888 | 6 5 831 | 14 59 906 | 6 72 93 | 4 69 215 | 20 64 679 | 75 62 627 | 52 27 336 | 62 24 97 | 58 46 202 | 56 54 671 | 37 14 964 | 7 50 731 | 48 38 873 | 16 71 205 | 26 37 183 | 4 3 484 | 67 54 68 | 30 1 955 | 51 64 15 | 17 30 135 | 45 20 774 | 47 2 986 | 6 65 422 | 74 38 507 | 71 19 929 | 27 69 283 | 24 1 629 | 30 20 576 | 5 59 51 | 16 46 443 | 55 20 281 | 37 53 833 | 62 51 63 | 54 48 454 | 54 12 337 | 50 53 788 | 22 46 780 | 56 7 638 | 72 16 730 | 60 30 224 | 22 69 474 | 8 4 621 | 67 58 909 | 48 35 639 | 12 72 656 | 18 24 751 | 37 3 496 | 41 55 648 | 74 14 401 | 32 36 634 | 67 9 297 | 36 8 299 | 12 51 778 | 30 41 151 | 61 71 368 | 4 36 210 | 74 1 269 | 24 48 116 | 60 59 80 | 4 50 409 | 9 75 284 | 74 37 720 | 73 24 644 | 8 2 99 | 16 7 221 | 16 47 720 | 32 11 44 | 12 16 375 | 25 26 614 | 7 22 149 | 11 41 773 | 4 53 964 | 73 56 259 | 71 10 379 | 17 32 815 | 11 60 979 | 67 27 26 | 70 17 436 | 13 31 855 | 33 32 491 | 42 6 10 | 52 46 945 | 72 74 790 | 23 8 868 | 35 62 63 | 46 37 744 | 9 52 608 | 60 41 811 | 38 6 856 | 42 22 669 | 74 55 271 | 40 65 516 | 23 73 22 | 8 66 483 | 13 61 328 | 3 64 836 | 41 74 639 | 11 55 860 | 25 10 312 | 28 53 666 | 66 12 281 | 36 56 661 | 70 12 852 | 20 71 602 | 26 31 796 | 52 71 614 | 32 34 964 | 51 40 810 | 38 28 269 | 73 12 734 | 50 19 623 | 43 6 944 | 1 61 94 | 36 15 977 | 55 5 549 | 41 68 993 | 59 51 663 | 9 54 17 | 31 52 180 | 66 59 35 | 36 43 22 | 31 42 104 | 24 33 504 | 66 74 842 | 61 75 805 | 2 32 665 | 22 10 201 | 50 8 778 | 3 55 389 | 58 7 942 | 73 18 511 | 25 63 141 | 31 44 722 | 7 11 551 | 41 1 69 | 64 9 466 | 43 51 680 | 37 18 239 | 75 56 845 | 33 39 381 | 31 35 353 | 43 66 535 | 2 1 937 | 16 63 925 | 59 62 620 | 48 16 930 | 28 9 851 | 12 47 521 | 38 46 95 | 26 66 604 | 36 42 175 | 2 35 650 | 59 18 689 | 72 33 683 | 19 69 11 | 73 61 19 | 53 25 59 | 29 55 298 | 43 3 973 | 18 8 219 | 30 14 894 | 15 37 958 | 7 33 488 | 44 12 114 | 66 60 332
